# Probe 0 (-0.01 0 0)
# Probe 1 (-0.01 0.0009 0)
# Probe 2 (-0.0098 0.0017 0)  # Not Found
# Probe 3 (-0.0097 0.0026 0)
# Probe 4 (-0.0094 0.0034 0)  # Not Found
# Probe 5 (-0.0091 0.0042 0)
# Probe 6 (-0.0087 0.005 0)
# Probe 7 (-0.0082 0.0057 0)  # Not Found
# Probe 8 (-0.0077 0.0064 0)
# Probe 9 (-0.0071 0.0071 0)
# Probe 10 (-0.0064 0.0077 0)
# Probe 11 (-0.0057 0.0082 0)  # Not Found
# Probe 12 (-0.005 0.0087 0)
# Probe 13 (-0.0042 0.0091 0)
# Probe 14 (-0.0034 0.0094 0)  # Not Found
# Probe 15 (-0.0026 0.0097 0)
# Probe 16 (-0.0017 0.0098 0)  # Not Found
# Probe 17 (-0.0009 0.01 0)
# Probe 18 (0 0.01 0)
# Probe 19 (0.0009 0.01 0)
# Probe 20 (0.0017 0.0098 0)  # Not Found
# Probe 21 (0.0026 0.0097 0)
# Probe 22 (0.0034 0.0094 0)  # Not Found
# Probe 23 (0.0042 0.0091 0)
# Probe 24 (0.005 0.0087 0)
# Probe 25 (0.0057 0.0082 0)  # Not Found
# Probe 26 (0.0064 0.0077 0)
# Probe 27 (0.0071 0.0071 0)
# Probe 28 (0.0077 0.0064 0)
# Probe 29 (0.0082 0.0057 0)  # Not Found
# Probe 30 (0.0087 0.005 0)
# Probe 31 (0.0091 0.0042 0)
# Probe 32 (0.0094 0.0034 0)  # Not Found
# Probe 33 (0.0097 0.0026 0)
# Probe 34 (0.0098 0.0017 0)  # Not Found
# Probe 35 (0.01 0.0009 0)
# Probe 36 (0.01 0 0)
# Time        0             1             2             3             4             5             6             7             8             9             10            11            12            13            14            15            16            17            18            19            20            21            22            23            24            25            26            27            28            29            30            31            32            33            34            35            36           
0.5           (0.00164101 0.00115802 7.60971e-23) (0.00252632 0.0103483 9.32247e-21) (-1e+300 -1e+300 -1e+300) (0.00938928 0.0292252 1.85121e-21) (-1e+300 -1e+300 -1e+300) (0.0214681 0.0429605 -1.71133e-20) (0.0277521 0.046756 1.50435e-21) (-1e+300 -1e+300 -1e+300) (0.0417243 0.0493493 2.84147e-22) (0.0481955 0.04725 -1.06615e-20) (0.0521109 0.0439376 -1.96122e-21) (-1e+300 -1e+300 -1e+300) (0.0553116 0.0324635 3.27558e-21) (0.0538722 0.0263684 3.02656e-20) (-1e+300 -1e+300 -1e+300) (0.0444123 0.0130141 4.52717e-21) (-1e+300 -1e+300 -1e+300) (0.0291046 0.00333772 -9.56632e-21) (0.0200758 0.000384623 1.46239e-22) (0.0134603 -0.00076027 9.1153e-21) (-1e+300 -1e+300 -1e+300) (0.00242729 -0.000530122 -2.11139e-21) (-1e+300 -1e+300 -1e+300) (-0.00267199 0.00119605 -3.04709e-20) (-0.00339992 0.00180112 -3.68001e-21) (-1e+300 -1e+300 -1e+300) (-0.00258367 0.00179359 3.52696e-21) (-0.00190097 0.00157174 2.46433e-20) (-0.00187426 0.00230055 -3.53841e-21) (-1e+300 -1e+300 -1e+300) (-0.00428046 0.00865764 3.49632e-21) (-0.00534599 0.0131028 -2.75299e-20) (-1e+300 -1e+300 -1e+300) (-0.00494053 0.019254 3.01857e-21) (-1e+300 -1e+300 -1e+300) (-0.00208642 0.0096596 5.11716e-21) (-0.00153237 0.0011261 3.95195e-23)
1             (0.00154991 0.00110345 7.74932e-23) (0.00239183 0.00985798 9.50532e-21) (-1e+300 -1e+300 -1e+300) (0.00890175 0.0277805 1.90616e-21) (-1e+300 -1e+300 -1e+300) (0.0202706 0.0406488 -1.83504e-20) (0.0261251 0.0441072 1.67877e-21) (-1e+300 -1e+300 -1e+300) (0.038891 0.0461101 2.71061e-23) (0.0445725 0.0438199 -8.10048e-21) (0.0478203 0.0404457 -1.59541e-21) (-1e+300 -1e+300 -1e+300) (0.049571 0.029216 2.78327e-21) (0.0476059 0.0234198 2.5787e-20) (-1e+300 -1e+300 -1e+300) (0.037603 0.0111051 3.81088e-21) (-1e+300 -1e+300 -1e+300) (0.0230749 0.0026941 -7.88825e-21) (0.0150751 0.00032099 1.18779e-22) (0.00948473 -0.000513706 7.33224e-21) (-1e+300 -1e+300 -1e+300) (0.000816138 -0.000157289 -1.67602e-21) (-1e+300 -1e+300 -1e+300) (-0.00264477 0.00116482 -2.40808e-20) (-0.00294571 0.00153612 -2.91696e-21) (-1e+300 -1e+300 -1e+300) (-0.00199661 0.00142881 2.81206e-21) (-0.00158727 0.00141655 1.96536e-20) (-0.00171259 0.0021559 -2.81417e-21) (-1e+300 -1e+300 -1e+300) (-0.00316316 0.00619648 2.77633e-21) (-0.00362597 0.00853118 -2.19179e-20) (-1e+300 -1e+300 -1e+300) (-0.00295048 0.0109702 2.50856e-21) (-1e+300 -1e+300 -1e+300) (-0.00109026 0.00523041 4.58138e-21) (-0.000750087 0.000606499 3.57189e-23)
1.5           (0.00150717 0.00107772 7.8518e-23) (0.00232878 0.00962697 9.63771e-21) (-1e+300 -1e+300 -1e+300) (0.00867448 0.0271037 1.94342e-21) (-1e+300 -1e+300 -1e+300) (0.0197192 0.0395787 -1.91141e-20) (0.0253816 0.0428901 1.78343e-21) (-1e+300 -1e+300 -1e+300) (0.0376261 0.0446542 -1.15162e-22) (0.0429816 0.0423027 -6.73823e-21) (0.0459662 0.0389249 -1.40526e-21) (-1e+300 -1e+300 -1e+300) (0.0471987 0.0278612 2.53924e-21) (0.0450782 0.0222164 2.36145e-20) (-1e+300 -1e+300 -1e+300) (0.0350308 0.0103723 3.47842e-21) (-1e+300 -1e+300 -1e+300) (0.0209834 0.00246483 -7.13628e-21) (0.0134393 0.000296316 1.06672e-22) (0.00825429 -0.000440039 6.55254e-21) (-1e+300 -1e+300 -1e+300) (0.00040991 -6.44315e-05 -1.48579e-21) (-1e+300 -1e+300 -1e+300) (-0.00257659 0.00113538 -2.12508e-20) (-0.00281624 0.00148457 -2.57279e-21) (-1e+300 -1e+300 -1e+300) (-0.00206706 0.00155368 2.47064e-21) (-0.00169897 0.00155542 1.72074e-20) (-0.001614 0.00197242 -2.45054e-21) (-1e+300 -1e+300 -1e+300) (-0.00219218 0.00416739 2.41653e-21) (-0.00234221 0.00535294 -1.91376e-20) (-1e+300 -1e+300 -1e+300) (-0.00174494 0.00633041 2.26562e-21) (-1e+300 -1e+300 -1e+300) (-0.000593235 0.00293177 4.31788e-21) (-0.000389748 0.000338924 3.37693e-23)
2             (0.00148053 0.00106166 7.89351e-23) (0.00228952 0.00948247 9.69365e-21) (-1e+300 -1e+300 -1e+300) (0.00853409 0.0266833 1.96146e-21) (-1e+300 -1e+300 -1e+300) (0.0193837 0.0389236 -1.95351e-20) (0.0249335 0.0421517 1.84293e-21) (-1e+300 -1e+300 -1e+300) (0.0368842 0.0437938 -1.99983e-22) (0.042067 0.0414225 -5.91922e-21) (0.0449188 0.0380561 -1.29094e-21) (-1e+300 -1e+300 -1e+300) (0.0459182 0.0271225 2.39432e-21) (0.043746 0.0215754 2.23359e-20) (-1e+300 -1e+300 -1e+300) (0.033756 0.0100049 3.28805e-21) (-1e+300 -1e+300 -1e+300) (0.0200215 0.00235757 -6.71576e-21) (0.0127237 0.000284539 9.99791e-23) (0.00774178 -0.000409892 6.12375e-21) (-1e+300 -1e+300 -1e+300) (0.000275227 -3.4043e-05 -1.3813e-21) (-1e+300 -1e+300 -1e+300) (-0.00252456 0.00111527 -1.96865e-20) (-0.00276142 0.00147013 -2.38113e-21) (-1e+300 -1e+300 -1e+300) (-0.00215971 0.0016653 2.2774e-21) (-0.00180079 0.00166313 1.58157e-20) (-0.00156908 0.00186868 -2.24282e-21) (-1e+300 -1e+300 -1e+300) (-0.00164727 0.00304521 2.21129e-21) (-0.00164284 0.00366473 -1.75479e-20) (-1e+300 -1e+300 -1e+300) (-0.00112423 0.00400898 2.11669e-21) (-1e+300 -1e+300 -1e+300) (-0.000357942 0.00180573 4.11576e-21) (-0.00022714 0.000208324 3.22091e-23)
2.5           (0.00146366 0.00105126 7.92554e-23) (0.00226466 0.00939054 9.73601e-21) (-1e+300 -1e+300 -1e+300) (0.00844559 0.0264174 1.97441e-21) (-1e+300 -1e+300 -1e+300) (0.0191742 0.038513 -1.98206e-20) (0.0246552 0.0416914 1.88266e-21) (-1e+300 -1e+300 -1e+300) (0.0364313 0.0432663 -2.54498e-22) (0.0415153 0.0408894 -5.40246e-21) (0.0442944 0.0375364 -1.21959e-21) (-1e+300 -1e+300 -1e+300) (0.0451795 0.0266939 2.30602e-21) (0.0429903 0.0212094 2.15645e-20) (-1e+300 -1e+300 -1e+300) (0.033065 0.00980401 3.1757e-21) (-1e+300 -1e+300 -1e+300) (0.0195301 0.00230202 -6.47138e-21) (0.0123738 0.000278359 9.61121e-23) (0.00750265 -0.000396056 5.87656e-21) (-1e+300 -1e+300 -1e+300) (0.000229092 -2.38909e-05 -1.32085e-21) (-1e+300 -1e+300 -1e+300) (-0.00248578 0.00109983 -1.87771e-20) (-0.00272834 0.0014609 -2.26925e-21) (-1e+300 -1e+300 -1e+300) (-0.0022268 0.00174236 2.16416e-21) (-0.0018811 0.00174821 1.49988e-20) (-0.00157248 0.0018443 -2.12027e-21) (-1e+300 -1e+300 -1e+300) (-0.00136323 0.00245594 2.08901e-21) (-0.00126985 0.0027691 -1.65947e-20) (-1e+300 -1e+300 -1e+300) (-0.000793327 0.00278583 2.02209e-21) (-1e+300 -1e+300 -1e+300) (-0.000237881 0.0012153 3.97126e-21) (-0.000146821 0.000139207 3.10778e-23)
3             (0.00145243 0.00104479 7.95527e-23) (0.00224816 0.00932971 9.77435e-21) (-1e+300 -1e+300 -1e+300) (0.00838707 0.0262412 1.98506e-21) (-1e+300 -1e+300 -1e+300) (0.0190366 0.0382426 -2.00319e-20) (0.0244734 0.0413897 1.91118e-21) (-1e+300 -1e+300 -1e+300) (0.0361398 0.0429254 -2.91151e-22) (0.0411639 0.0405484 -5.06474e-21) (0.0439006 0.0372074 -1.17365e-21) (-1e+300 -1e+300 -1e+300) (0.0447263 0.0264295 2.2508e-21) (0.0425338 0.020987 2.10872e-20) (-1e+300 -1e+300 -1e+300) (0.0326648 0.00968679 3.10757e-21) (-1e+300 -1e+300 -1e+300) (0.0192617 0.00227127 -6.32498e-21) (0.0121914 0.000274933 9.3803e-23) (0.00738447 -0.000389314 5.72903e-21) (-1e+300 -1e+300 -1e+300) (0.000216157 -2.11949e-05 -1.28465e-21) (-1e+300 -1e+300 -1e+300) (-0.00245712 0.00108794 -1.82276e-20) (-0.00270453 0.00145258 -2.20141e-21) (-1e+300 -1e+300 -1e+300) (-0.00226593 0.0017881 2.09561e-21) (-0.00193544 0.00180759 1.45052e-20) (-0.00159408 0.0018567 -2.04596e-21) (-1e+300 -1e+300 -1e+300) (-0.001227 0.00216663 2.01399e-21) (-0.00108014 0.00231026 -1.60051e-20) (-1e+300 -1e+300 -1e+300) (-0.000618614 0.00214196 1.96056e-21) (-1e+300 -1e+300 -1e+300) (-0.000175579 0.000904079 3.86985e-21) (-0.000105902 0.00010425 3.02798e-23)
3.5           (0.00144465 0.00103952 7.96012e-23) (0.00223668 0.00928678 9.78211e-21) (-1e+300 -1e+300 -1e+300) (0.00834654 0.0261187 1.98886e-21) (-1e+300 -1e+300 -1e+300) (0.0189421 0.0380563 -2.01445e-20) (0.0243491 0.0411827 1.92782e-21) (-1e+300 -1e+300 -1e+300) (0.0359429 0.0426944 -3.16137e-22) (0.0409288 0.0403194 -4.82284e-21) (0.0436394 0.0369884 -1.14007e-21) (-1e+300 -1e+300 -1e+300) (0.0444331 0.0262576 2.20947e-21) (0.0422424 0.0208442 2.07288e-20) (-1e+300 -1e+300 -1e+300) (0.032419 0.00961429 3.05676e-21) (-1e+300 -1e+300 -1e+300) (0.0191061 0.00225322 -6.21702e-21) (0.0120908 0.000272916 9.21139e-23) (0.00732347 -0.000385899 5.6216e-21) (-1e+300 -1e+300 -1e+300) (0.000216038 -2.13269e-05 -1.25845e-21) (-1e+300 -1e+300 -1e+300) (-0.00243591 0.00107886 -1.78303e-20) (-0.00268645 0.0014449 -2.15236e-21) (-1e+300 -1e+300 -1e+300) (-0.00228518 0.00181186 2.04652e-21) (-0.00196718 0.0018435 1.41546e-20) (-0.00161441 0.00187553 -1.99374e-21) (-1e+300 -1e+300 -1e+300) (-0.00116459 0.0020297 1.96087e-21) (-0.000986133 0.0020793 -1.55838e-20) (-1e+300 -1e+300 -1e+300) (-0.000526538 0.00180145 1.91421e-21) (-1e+300 -1e+300 -1e+300) (-0.000142593 0.000735685 3.78823e-21) (-8.45619e-05 8.2844e-05 2.96381e-23)
4             (0.00143908 0.00103662 7.96483e-23) (0.00222854 0.0092569 9.78915e-21) (-1e+300 -1e+300 -1e+300) (0.00831785 0.0260321 1.9919e-21) (-1e+300 -1e+300 -1e+300) (0.0188755 0.0379246 -2.02293e-20) (0.0242616 0.0410368 1.94018e-21) (-1e+300 -1e+300 -1e+300) (0.0358057 0.042533 -3.34243e-22) (0.040766 0.0401605 -4.64941e-21) (0.0434598 0.0368374 -1.11614e-21) (-1e+300 -1e+300 -1e+300) (0.0442356 0.0261413 2.18041e-21) (0.0420483 0.0207487 2.04781e-20) (-1e+300 -1e+300 -1e+300) (0.0322608 0.00956732 3.02164e-21) (-1e+300 -1e+300 -1e+300) (0.0190113 0.00224208 -6.14299e-21) (0.0120327 0.000271681 9.09584e-23) (0.00729078 -0.000384101 5.54814e-21) (-1e+300 -1e+300 -1e+300) (0.000220312 -2.23855e-05 -1.24052e-21) (-1e+300 -1e+300 -1e+300) (-0.00242046 0.00107218 -1.75567e-20) (-0.00267301 0.00143863 -2.11851e-21) (-1e+300 -1e+300 -1e+300) (-0.00229324 0.00182296 2.01274e-21) (-0.00198402 0.00186329 1.39147e-20) (-0.00162865 0.00189069 -1.9583e-21) (-1e+300 -1e+300 -1e+300) (-0.00113742 0.00196742 1.92461e-21) (-0.000941008 0.00196632 -1.52951e-20) (-1e+300 -1e+300 -1e+300) (-0.000479033 0.0016249 1.88125e-21) (-1e+300 -1e+300 -1e+300) (-0.000125318 0.000648628 3.72784e-21) (-7.32754e-05 7.45201e-05 2.9163e-23)
4.5           (0.00143501 0.00103417 7.9812e-23) (0.00222255 0.00923471 9.80985e-21) (-1e+300 -1e+300 -1e+300) (0.00829681 0.0259684 1.99716e-21) (-1e+300 -1e+300 -1e+300) (0.0188268 0.0378284 -2.03214e-20) (0.0241979 0.0409304 1.9521e-21) (-1e+300 -1e+300 -1e+300) (0.0357065 0.0424161 -3.48043e-22) (0.040649 0.040046 -4.52869e-21) (0.0433314 0.0367292 -1.10019e-21) (-1e+300 -1e+300 -1e+300) (0.0440964 0.0260591 2.16238e-21) (0.0419127 0.0206817 2.03258e-20) (-1e+300 -1e+300 -1e+300) (0.0321531 0.00953519 3.00086e-21) (-1e+300 -1e+300 -1e+300) (0.0189495 0.00223475 -6.09951e-21) (0.0119965 0.000270875 9.02767e-23) (0.00727191 -0.000383081 5.50459e-21) (-1e+300 -1e+300 -1e+300) (0.000225498 -2.36119e-05 -1.22975e-21) (-1e+300 -1e+300 -1e+300) (-0.00240906 0.00106727 -1.73891e-20) (-0.00266302 0.00143379 -2.09766e-21) (-1e+300 -1e+300 -1e+300) (-0.00229536 0.0018271 1.99181e-21) (-0.00199144 0.00187246 1.37662e-20) (-0.00163578 0.0018985 -1.93645e-21) (-1e+300 -1e+300 -1e+300) (-0.00112363 0.00193539 1.90225e-21) (-0.000917397 0.0019067 -1.51167e-20) (-1e+300 -1e+300 -1e+300) (-0.000453292 0.00152875 1.86064e-21) (-1e+300 -1e+300 -1e+300) (-0.000115833 0.000599824 3.68977e-21) (-6.71498e-05 6.84898e-05 2.88646e-23)
5             (0.001432 0.00103123 7.97957e-23) (0.00221806 0.00921725 9.80872e-21) (-1e+300 -1e+300 -1e+300) (0.00828114 0.0259206 1.99788e-21) (-1e+300 -1e+300 -1e+300) (0.018791 0.0377573 -2.03584e-20) (0.0241513 0.0408522 1.95796e-21) (-1e+300 -1e+300 -1e+300) (0.0356349 0.0423315 -3.57639e-22) (0.0405655 0.0399639 -4.43422e-21) (0.0432405 0.0366522 -1.08703e-21) (-1e+300 -1e+300 -1e+300) (0.0440005 0.0260022 2.14632e-21) (0.0418208 0.020636 2.01876e-20) (-1e+300 -1e+300 -1e+300) (0.0320839 0.00951432 2.98178e-21) (-1e+300 -1e+300 -1e+300) (0.018914 0.00223039 -6.05994e-21) (0.0119786 0.000270377 8.96652e-23) (0.00726531 -0.000382796 5.46593e-21) (-1e+300 -1e+300 -1e+300) (0.00023305 -2.54007e-05 -1.22038e-21) (-1e+300 -1e+300 -1e+300) (-0.00239951 0.00106316 -1.72462e-20) (-0.00265501 0.0014298 -2.07995e-21) (-1e+300 -1e+300 -1e+300) (-0.00229568 0.00182883 1.97419e-21) (-0.00199545 0.00187767 1.36419e-20) (-0.00164054 0.00190408 -1.91833e-21) (-1e+300 -1e+300 -1e+300) (-0.00111738 0.00192012 1.88376e-21) (-0.000905378 0.00187573 -1.49687e-20) (-1e+300 -1e+300 -1e+300) (-0.000438995 0.00147461 1.84299e-21) (-1e+300 -1e+300 -1e+300) (-0.000110353 0.000569219 3.65609e-21) (-6.37435e-05 6.11629e-05 2.86003e-23)
5.5           (0.00142979 0.00103223 7.98791e-23) (0.00221499 0.0092074 9.81922e-21) (-1e+300 -1e+300 -1e+300) (0.00827029 0.0258881 2.00057e-21) (-1e+300 -1e+300 -1e+300) (0.0187657 0.0377073 -2.04062e-20) (0.0241182 0.0407969 1.96418e-21) (-1e+300 -1e+300 -1e+300) (0.035584 0.0422713 -3.64891e-22) (0.0405061 0.0399055 -4.37084e-21) (0.0431761 0.0365976 -1.07868e-21) (-1e+300 -1e+300 -1e+300) (0.0439331 0.0259621 2.13699e-21) (0.0417566 0.020604 2.01093e-20) (-1e+300 -1e+300 -1e+300) (0.0320364 0.00949997 2.97131e-21) (-1e+300 -1e+300 -1e+300) (0.0188903 0.0022275 -6.03831e-21) (0.011967 0.000270077 8.93277e-23) (0.00726134 -0.000382598 5.44438e-21) (-1e+300 -1e+300 -1e+300) (0.000238024 -2.65285e-05 -1.21502e-21) (-1e+300 -1e+300 -1e+300) (-0.00239378 0.00106072 -1.71618e-20) (-0.00265025 0.00142739 -2.06939e-21) (-1e+300 -1e+300 -1e+300) (-0.0022951 0.00182899 1.96358e-21) (-0.00199676 0.00187954 1.3567e-20) (-0.00164257 0.0019065 -1.90746e-21) (-1e+300 -1e+300 -1e+300) (-0.00111507 0.0019142 1.87273e-21) (-0.00090065 0.00186337 -1.48805e-20) (-1e+300 -1e+300 -1e+300) (-0.000433549 0.00145488 1.83234e-21) (-1e+300 -1e+300 -1e+300) (-0.000108433 0.00056654 3.63536e-21) (-6.19717e-05 7.20507e-05 2.84365e-23)
6             (0.00142804 0.00102809 7.99683e-23) (0.00221218 0.00919489 9.83056e-21) (-1e+300 -1e+300 -1e+300) (0.00826055 0.025858 2.00339e-21) (-1e+300 -1e+300 -1e+300) (0.0187438 0.0376637 -2.04534e-20) (0.0240899 0.0407494 1.97018e-21) (-1e+300 -1e+300 -1e+300) (0.0355409 0.0422202 -3.71474e-22) (0.0404559 0.0398562 -4.31493e-21) (0.0431216 0.0365515 -1.07142e-21) (-1e+300 -1e+300 -1e+300) (0.0438759 0.0259282 2.12908e-21) (0.0417019 0.0205768 2.00435e-20) (-1e+300 -1e+300 -1e+300) (0.0319954 0.0094876 2.96258e-21) (-1e+300 -1e+300 -1e+300) (0.0188693 0.00222493 -6.02033e-21) (0.0119563 0.000269786 8.90468e-23) (0.00725734 -0.000382421 5.42645e-21) (-1e+300 -1e+300 -1e+300) (0.000242381 -2.75587e-05 -1.21057e-21) (-1e+300 -1e+300 -1e+300) (-0.00238831 0.00105841 -1.70919e-20) (-0.00264568 0.00142514 -2.06067e-21) (-1e+300 -1e+300 -1e+300) (-0.0022942 0.00182881 1.95478e-21) (-0.00199702 0.00188015 1.35048e-20) (-0.00164245 0.00190605 -1.8984e-21) (-1e+300 -1e+300 -1e+300) (-0.0011096 0.00190249 1.86357e-21) (-0.000892708 0.0018438 -1.48075e-20) (-1e+300 -1e+300 -1e+300) (-0.000424942 0.00142129 1.82379e-21) (-1e+300 -1e+300 -1e+300) (-0.000104999 0.000536293 3.61967e-21) (-6.06813e-05 4.87603e-05 2.83168e-23)
6.5           (0.00142672 0.0010307 7.99634e-23) (0.00221052 0.00919098 9.83013e-21) (-1e+300 -1e+300 -1e+300) (0.00825473 0.0258408 2.00365e-21) (-1e+300 -1e+300 -1e+300) (0.0187302 0.0376367 -2.04675e-20) (0.0240722 0.0407196 1.97241e-21) (-1e+300 -1e+300 -1e+300) (0.0355143 0.0421885 -3.75093e-22) (0.0404257 0.0398261 -4.27969e-21) (0.0430896 0.036524 -1.06656e-21) (-1e+300 -1e+300 -1e+300) (0.0438453 0.0259096 2.12333e-21) (0.0416745 0.0205627 1.99947e-20) (-1e+300 -1e+300 -1e+300) (0.0319797 0.00948253 2.95614e-21) (-1e+300 -1e+300 -1e+300) (0.0188669 0.00222443 -6.00751e-21) (0.0119594 0.000269721 8.88525e-23) (0.00726317 -0.000382824 5.41428e-21) (-1e+300 -1e+300 -1e+300) (0.000249463 -2.92137e-05 -1.20764e-21) (-1e+300 -1e+300 -1e+300) (-0.00238348 0.00105629 -1.70465e-20) (-0.00264198 0.00142314 -2.05499e-21) (-1e+300 -1e+300 -1e+300) (-0.00229372 0.0018288 1.94912e-21) (-0.0019985 0.00188221 1.3465e-20) (-0.00164621 0.00191125 -1.89262e-21) (-1e+300 -1e+300 -1e+300) (-0.0011147 0.00191174 1.85748e-21) (-0.000897288 0.00185366 -1.47576e-20) (-1e+300 -1e+300 -1e+300) (-0.000427839 0.00143288 1.81706e-21) (-1e+300 -1e+300 -1e+300) (-0.000106046 0.000555369 3.60501e-21) (-6.0254e-05 7.27131e-05 2.81964e-23)
7             (0.00142563 0.00102533 7.99595e-23) (0.00220857 0.00918057 9.83026e-21) (-1e+300 -1e+300 -1e+300) (0.0082481 0.0258199 2.00412e-21) (-1e+300 -1e+300 -1e+300) (0.0187158 0.0376078 -2.04855e-20) (0.0240536 0.0406884 1.97515e-21) (-1e+300 -1e+300 -1e+300) (0.0354863 0.0421554 -3.79329e-22) (0.040393 0.039794 -4.23865e-21) (0.0430539 0.0364939 -1.06088e-21) (-1e+300 -1e+300 -1e+300) (0.0438067 0.0258869 2.1164e-21) (0.0416367 0.0205442 1.99349e-20) (-1e+300 -1e+300 -1e+300) (0.0319487 0.00947345 2.94772e-21) (-1e+300 -1e+300 -1e+300) (0.0188472 0.00222223 -5.98957e-21) (0.0119462 0.000269542 8.85696e-23) (0.00725439 -0.000382245 5.39613e-21) (-1e+300 -1e+300 -1e+300) (0.000247296 -2.86231e-05 -1.20313e-21) (-1e+300 -1e+300 -1e+300) (-0.00238347 0.00105643 -1.69765e-20) (-0.00264182 0.0014232 -2.04629e-21) (-1e+300 -1e+300 -1e+300) (-0.00229221 0.00182721 1.94044e-21) (-0.00199532 0.0018784 1.34044e-20) (-0.0016405 0.00190338 -1.88408e-21) (-1e+300 -1e+300 -1e+300) (-0.00110632 0.001896 1.84944e-21) (-0.000889218 0.00183578 -1.46955e-20) (-1e+300 -1e+300 -1e+300) (-0.000423058 0.00141612 1.81024e-21) (-1e+300 -1e+300 -1e+300) (-0.000104754 0.000546578 3.59304e-21) (-5.97702e-05 6.76067e-05 2.81087e-23)
7.5           (0.00142504 0.00103005 7.9948e-23) (0.00220803 0.00918203 9.82862e-21) (-1e+300 -1e+300 -1e+300) (0.00824581 0.0258139 2.00382e-21) (-1e+300 -1e+300 -1e+300) (0.0187094 0.0375956 -2.04848e-20) (0.0240449 0.040674 1.97528e-21) (-1e+300 -1e+300 -1e+300) (0.0354721 0.0421386 -3.80131e-22) (0.0403763 0.0397776 -4.22914e-21) (0.043036 0.0364786 -1.05947e-21) (-1e+300 -1e+300 -1e+300) (0.0437891 0.0258761 2.1146e-21) (0.0416211 0.0205361 1.99195e-20) (-1e+300 -1e+300 -1e+300) (0.0319409 0.00947071 2.94587e-21) (-1e+300 -1e+300 -1e+300) (0.0188492 0.00222213 -5.98654e-21) (0.0119525 0.000269393 8.85331e-23) (0.00726303 -0.000382969 5.39432e-21) (-1e+300 -1e+300 -1e+300) (0.000257352 -3.11622e-05 -1.20289e-21) (-1e+300 -1e+300 -1e+300) (-0.00237527 0.00105275 -1.69759e-20) (-0.00263526 0.00141979 -2.04627e-21) (-1e+300 -1e+300 -1e+300) (-0.0022926 0.00182874 1.94045e-21) (-0.00199917 0.0018835 1.34037e-20) (-0.00164657 0.00191144 -1.88363e-21) (-1e+300 -1e+300 -1e+300) (-0.00110789 0.00189706 1.84827e-21) (-0.000886876 0.00182778 -1.46837e-20) (-1e+300 -1e+300 -1e+300) (-0.000415244 0.00138172 1.80845e-21) (-1e+300 -1e+300 -1e+300) (-0.000100569 0.00049463 3.58979e-21) (-5.90289e-05 1.4876e-05 2.80819e-23)
8             (0.00142548 0.00103947 8.00036e-23) (0.00220944 0.00919315 9.83481e-21) (-1e+300 -1e+300 -1e+300) (0.00825075 0.0258297 2.00456e-21) (-1e+300 -1e+300 -1e+300) (0.0187204 0.0376169 -2.04773e-20) (0.0240597 0.040698 1.97338e-21) (-1e+300 -1e+300 -1e+300) (0.0354981 0.042168 -3.75306e-22) (0.0404101 0.0398091 -4.28276e-21) (0.0430765 0.036511 -1.06739e-21) (-1e+300 -1e+300 -1e+300) (0.0438444 0.0259072 2.12551e-21) (0.0416818 0.0205645 2.00176e-20) (-1e+300 -1e+300 -1e+300) (0.032007 0.00948926 2.96087e-21) (-1e+300 -1e+300 -1e+300) (0.0189071 0.00222832 -6.0201e-21) (0.0120004 0.000270008 8.90697e-23) (0.0073013 -0.000385349 5.42882e-21) (-1e+300 -1e+300 -1e+300) (0.000274657 -3.52298e-05 -1.21133e-21) (-1e+300 -1e+300 -1e+300) (-0.00237125 0.0010509 -1.71028e-20) (-0.00263333 0.00141825 -2.06177e-21) (-1e+300 -1e+300 -1e+300) (-0.00228767 0.00182319 1.95567e-21) (-0.00199293 0.00187635 1.35112e-20) (-0.00164251 0.00190702 -1.89937e-21) (-1e+300 -1e+300 -1e+300) (-0.001118 0.00191956 1.86448e-21) (-0.000903941 0.00187094 -1.48142e-20) (-1e+300 -1e+300 -1e+300) (-0.000438359 0.00147897 1.82376e-21) (-1e+300 -1e+300 -1e+300) (-0.000111254 0.000633096 3.6163e-21) (-5.99911e-05 0.000160852 2.82711e-23)
8.5           (0.00142879 0.000986351 7.97373e-23) (0.0022102 0.00915844 9.80421e-21) (-1e+300 -1e+300 -1e+300) (0.00825619 0.0258358 1.99735e-21) (-1e+300 -1e+300 -1e+300) (0.0187444 0.0376598 -2.03559e-20) (0.024096 0.0407548 1.95759e-21) (-1e+300 -1e+300 -1e+300) (0.035569 0.0422486 -3.56799e-22) (0.040503 0.039897 -4.44896e-21) (0.0431872 0.0366011 -1.0898e-21) (-1e+300 -1e+300 -1e+300) (0.0439897 0.02599 2.15265e-21) (0.0418376 0.0206386 2.02533e-20) (-1e+300 -1e+300 -1e+300) (0.0321686 0.00953494 2.99599e-21) (-1e+300 -1e+300 -1e+300) (0.0190446 0.00224283 -6.09951e-21) (0.0121142 0.000271119 9.03705e-23) (0.00739405 -0.000391567 5.51428e-21) (-1e+300 -1e+300 -1e+300) (0.000323751 -4.74158e-05 -1.23323e-21) (-1e+300 -1e+300 -1e+300) (-0.00235113 0.00104217 -1.74516e-20) (-0.00262233 0.00141301 -2.10506e-21) (-1e+300 -1e+300 -1e+300) (-0.00228766 0.00182341 1.99824e-21) (-0.00198953 0.00187132 1.38067e-20) (-0.00162658 0.00188301 -1.94121e-21) (-1e+300 -1e+300 -1e+300) (-0.0010721 0.00182868 1.90726e-21) (-0.000849622 0.00174344 -1.5163e-20) (-1e+300 -1e+300 -1e+300) (-0.000387619 0.00127731 1.87191e-21) (-1e+300 -1e+300 -1e+300) (-9.09649e-05 0.0003932 3.7243e-21) (-5.71649e-05 -8.05542e-05 2.91537e-23)
9             (0.00144487 0.00108183 7.89922e-23) (0.00224022 0.00932616 9.70277e-21) (-1e+300 -1e+300 -1e+300) (0.00835868 0.0261573 1.96767e-21) (-1e+300 -1e+300 -1e+300) (0.0189726 0.0381101 -1.9758e-20) (0.0243949 0.0412503 1.87673e-21) (-1e+300 -1e+300 -1e+300) (0.0360516 0.0428082 -2.54112e-22) (0.0410955 0.0404651 -5.39059e-21) (0.0438656 0.0371598 -1.21771e-21) (-1e+300 -1e+300 -1e+300) (0.0448284 0.02647 2.30744e-21) (0.0427209 0.0210594 2.15964e-20) (-1e+300 -1e+300 -1e+300) (0.0330553 0.00978586 3.19307e-21) (-1e+300 -1e+300 -1e+300) (0.0197783 0.00232065 -6.5382e-21) (0.0127102 0.00027745 9.74732e-23) (0.0078691 -0.000422731 5.97685e-21) (-1e+300 -1e+300 -1e+300) (0.00055192 -0.000103218 -1.34994e-21) (-1e+300 -1e+300 -1e+300) (-0.00227458 0.00100695 -1.92781e-20) (-0.00258095 0.00138861 -2.33079e-21) (-1e+300 -1e+300 -1e+300) (-0.00228732 0.00182331 2.22138e-21) (-0.00200451 0.00188888 1.53648e-20) (-0.00166328 0.00193371 -2.16277e-21) (-1e+300 -1e+300 -1e+300) (-0.00114091 0.00196094 2.12525e-21) (-0.000923348 0.00191261 -1.68909e-20) (-1e+300 -1e+300 -1e+300) (-0.000447746 0.00151343 2.07988e-21) (-1e+300 -1e+300 -1e+300) (-0.000113501 0.000670783 4.12189e-21) (-5.87175e-05 0.000208782 3.21884e-23)
9.5           (0.0014774 0.00101907 7.78184e-23) (0.00228134 0.00942222 9.55643e-21) (-1e+300 -1e+300 -1e+300) (0.00850688 0.0265885 1.92833e-21) (-1e+300 -1e+300 -1e+300) (0.0193366 0.0388183 -1.89946e-20) (0.0248832 0.0420541 1.77395e-21) (-1e+300 -1e+300 -1e+300) (0.0368604 0.0437469 -1.23386e-22) (0.0420898 0.0414226 -6.59417e-21) (0.0450007 0.0381013 -1.38164e-21) (-1e+300 -1e+300 -1e+300) (0.0462068 0.0272645 2.50638e-21) (0.0441531 0.0217473 2.33252e-20) (-1e+300 -1e+300 -1e+300) (0.0344321 0.0101803 3.44559e-21) (-1e+300 -1e+300 -1e+300) (0.0208447 0.00243684 -7.09497e-21) (0.0135304 0.000288406 1.06404e-22) (0.00848446 -0.000461375 6.55396e-21) (-1e+300 -1e+300 -1e+300) (0.000776498 -0.000157172 -1.49349e-21) (-1e+300 -1e+300 -1e+300) (-0.00227017 0.00100589 -2.14902e-20) (-0.00262417 0.00141297 -2.60295e-21) (-1e+300 -1e+300 -1e+300) (-0.00233944 0.00185703 2.48722e-21) (-0.00202004 0.00188701 1.72175e-20) (-0.0016157 0.00185207 -2.42765e-21) (-1e+300 -1e+300 -1e+300) (-0.00100639 0.00169719 2.39785e-21) (-0.000778459 0.00157882 -1.91122e-20) (-1e+300 -1e+300 -1e+300) (-0.000335778 0.00107887 2.37642e-21) (-1e+300 -1e+300 -1e+300) (-7.3889e-05 0.000194332 4.75755e-21) (-5.57452e-05 -0.000279093 3.72844e-23)
10            (0.00151293 0.001384 7.70018e-23) (0.00235995 0.0099423 9.43382e-21) (-1e+300 -1e+300 -1e+300) (0.00877283 0.0274436 1.88785e-21) (-1e+300 -1e+300 -1e+300) (0.0199108 0.039959 -1.81121e-20) (0.0256294 0.0432955 1.65274e-21) (-1e+300 -1e+300 -1e+300) (0.0380519 0.0451309 3.82743e-23) (0.0435468 0.042823 -8.10951e-21) (0.0466656 0.0394775 -1.5901e-21) (-1e+300 -1e+300 -1e+300) (0.0482605 0.0284423 2.76474e-21) (0.0463119 0.0227783 2.55924e-20) (-1e+300 -1e+300 -1e+300) (0.0365793 0.0107917 3.78331e-21) (-1e+300 -1e+300 -1e+300) (0.0225764 0.00262504 -7.84928e-21) (0.0148928 0.000307418 1.18544e-22) (0.00952301 -0.000524889 7.33811e-21) (-1e+300 -1e+300 -1e+300) (0.00115785 -0.000245843 -1.68689e-21) (-1e+300 -1e+300 -1e+300) (-0.00227697 0.00100816 -2.44189e-20) (-0.00270923 0.00145493 -2.96036e-21) (-1e+300 -1e+300 -1e+300) (-0.0024979 0.00198747 2.8345e-21) (-0.00221968 0.00209363 1.96324e-20) (-0.00189378 0.00221568 -2.76816e-21) (-1e+300 -1e+300 -1e+300) (-0.00141971 0.00248024 2.72182e-21) (-0.00121021 0.00256032 -2.16282e-20) (-1e+300 -1e+300 -1e+300) (-0.000678422 0.00240905 2.65258e-21) (-1e+300 -1e+300 -1e+300) (-0.000200916 0.0016531 5.22254e-21) (-7.41545e-05 0.00116464 4.05952e-23)
10.5          (0.00152608 0.000642334 7.69249e-23) (0.0023236 0.00930133 9.46286e-21) (-1e+300 -1e+300 -1e+300) (0.00868212 0.0270352 1.90386e-21) (-1e+300 -1e+300 -1e+300) (0.0198443 0.0397758 -1.84539e-20) (0.0255978 0.0432051 1.6964e-21) (-1e+300 -1e+300 -1e+300) (0.0381478 0.045221 -5.5246e-24) (0.0437385 0.0429904 -7.78899e-21) (0.046942 0.0396911 -1.55367e-21) (-1e+300 -1e+300 -1e+300) (0.0487309 0.0287031 2.74168e-21) (0.0468596 0.0230317 2.54635e-20) (-1e+300 -1e+300 -1e+300) (0.0372416 0.0109734 3.78857e-21) (-1e+300 -1e+300 -1e+300) (0.0232308 0.00268922 -7.90061e-21) (0.0154892 0.000308532 1.19711e-22) (0.0100544 -0.000564966 7.42912e-21) (-1e+300 -1e+300 -1e+300) (0.00152827 -0.000341217 -1.71553e-21) (-1e+300 -1e+300 -1e+300) (-0.0020401 0.000902555 -2.49789e-20) (-0.00253129 0.00136485 -3.03147e-21) (-1e+300 -1e+300 -1e+300) (-0.00244951 0.00196448 2.90448e-21) (-0.00217867 0.00205764 2.01004e-20) (-0.00177977 0.00205236 -2.8291e-21) (-1e+300 -1e+300 -1e+300) (-0.00103557 0.00170921 2.78209e-21) (-0.000724962 0.00140173 -2.21311e-20) (-1e+300 -1e+300 -1e+300) (-0.000170978 0.000345218 2.74592e-21) (-1e+300 -1e+300 -1e+300) (1.51359e-05 -0.00101807 5.47051e-21) (-4.95295e-05 -0.00159586 4.2834e-23)
11            (0.00154945 0.00100476 7.63745e-23) (0.00238218 0.00975451 9.38016e-21) (-1e+300 -1e+300 -1e+300) (0.0088663 0.0276558 1.88122e-21) (-1e+300 -1e+300 -1e+300) (0.0201998 0.0405013 -1.80399e-20) (0.0260369 0.0439533 1.64338e-21) (-1e+300 -1e+300 -1e+300) (0.0387694 0.0459591 5.52551e-23) (0.0444434 0.0436842 -8.30306e-21) (0.0476963 0.0403298 -1.61967e-21) (-1e+300 -1e+300 -1e+300) (0.0495094 0.0291646 2.80805e-21) (0.0475985 0.0233995 2.59999e-20) (-1e+300 -1e+300 -1e+300) (0.0377663 0.011136 3.84693e-21) (-1e+300 -1e+300 -1e+300) (0.0234119 0.00271946 -7.98677e-21) (0.0154702 0.000317591 1.20599e-22) (0.00989494 -0.000546391 7.46146e-21) (-1e+300 -1e+300 -1e+300) (0.00116821 -0.000247291 -1.71259e-21) (-1e+300 -1e+300 -1e+300) (-0.00243662 0.00108209 -2.47294e-20) (-0.00288981 0.00155469 -2.99595e-21) (-1e+300 -1e+300 -1e+300) (-0.00252245 0.00196345 2.86561e-21) (-0.00207073 0.00187559 1.98671e-20) (-0.0015089 0.00166237 -2.81393e-21) (-1e+300 -1e+300 -1e+300) (-0.000819237 0.00134656 2.81324e-21) (-0.000630758 0.00126299 -2.25604e-20) (-1e+300 -1e+300 -1e+300) (-0.000298893 0.000962998 2.85163e-21) (-1e+300 -1e+300 -1e+300) (-7.84557e-05 0.000152606 5.79784e-21) (-7.07427e-05 -0.000394161 4.57932e-23)
11.5          (0.00158723 0.00253666 7.51884e-23) (0.00255221 0.0113947 9.1563e-21) (-1e+300 -1e+300 -1e+300) (0.00940523 0.0295293 1.79446e-21) (-1e+300 -1e+300 -1e+300) (0.021217 0.0425732 -1.60869e-20) (0.027304 0.0460936 1.37635e-21) (-1e+300 -1e+300 -1e+300) (0.0406795 0.0481828 4.02389e-22) (0.0467496 0.0458958 -1.14982e-20) (0.0503277 0.0424946 -2.05455e-21) (-1e+300 -1e+300 -1e+300) (0.0528228 0.0310471 3.33642e-21) (0.0511491 0.025075 3.06116e-20) (-1e+300 -1e+300 -1e+300) (0.0415297 0.0121889 4.53328e-21) (-1e+300 -1e+300 -1e+300) (0.0267425 0.00306935 -9.53894e-21) (0.0182735 0.000347743 1.45908e-22) (0.0121789 -0.000692959 9.1134e-21) (-1e+300 -1e+300 -1e+300) (0.00224885 -0.000501565 -2.12716e-21) (-1e+300 -1e+300 -1e+300) (-0.00219916 0.000976374 -3.10988e-20) (-0.00285017 0.0015216 -3.77195e-21) (-1e+300 -1e+300 -1e+300) (-0.00271884 0.00212615 3.61839e-21) (-0.00242758 0.00226538 2.51034e-20) (-0.00217542 0.00256906 -3.55076e-21) (-1e+300 -1e+300 -1e+300) (-0.00206806 0.00376261 3.49842e-21) (-0.00200852 0.00446408 -2.77955e-20) (-1e+300 -1e+300 -1e+300) (-0.00149751 0.00577516 3.37022e-21) (-1e+300 -1e+300 -1e+300) (-0.000539508 0.00592662 6.48742e-21) (-0.000107198 0.00553502 4.96186e-23)
12            (0.00158882 0.000529372 7.4773e-23) (0.00240634 0.00949685 9.18022e-21) (-1e+300 -1e+300 -1e+300) (0.00899442 0.0279271 1.82357e-21) (-1e+300 -1e+300 -1e+300) (0.0206529 0.0413213 -1.68421e-20) (0.026714 0.0450106 1.47649e-21) (-1e+300 -1e+300 -1e+300) (0.0401438 0.0474951 2.87031e-22) (0.0463207 0.0454275 -1.05822e-20) (0.0500247 0.0421929 -1.9442e-21) (-1e+300 -1e+300 -1e+300) (0.0529282 0.0310684 3.25132e-21) (0.0514827 0.0251962 3.00371e-20) (-1e+300 -1e+300 -1e+300) (0.0424128 0.0124051 4.51818e-21) (-1e+300 -1e+300 -1e+300) (0.0280735 0.00318214 -9.63993e-21) (0.01974 0.000337443 1.48937e-22) (0.0136808 -0.000815722 9.37908e-21) (-1e+300 -1e+300 -1e+300) (0.00362541 -0.000857474 -2.22291e-21) (-1e+300 -1e+300 -1e+300) (-0.00110716 0.000482385 -3.31972e-20) (-0.0019402 0.00104141 -4.04209e-21) (-1e+300 -1e+300 -1e+300) (-0.00250389 0.00208161 3.89189e-21) (-0.00254145 0.00252673 2.69193e-20) (-0.00247382 0.00302274 -3.77062e-21) (-1e+300 -1e+300 -1e+300) (-0.00183332 0.00315488 3.63454e-21) (-0.00135312 0.00268883 -2.85838e-20) (-1e+300 -1e+300 -1e+300) (-0.000304793 0.000540849 3.43577e-21) (-1e+300 -1e+300 -1e+300) (5.42371e-05 -0.00197796 6.63106e-21) (-5.1893e-05 -0.00277352 5.11746e-23)
12.5          (0.00158576 -0.00145 7.45697e-23) (0.00225013 0.00759213 9.32176e-21) (-1e+300 -1e+300 -1e+300) (0.00851843 0.026163 1.90578e-21) (-1e+300 -1e+300 -1e+300) (0.0198583 0.0396589 -1.89422e-20) (0.0257668 0.0433822 1.77049e-21) (-1e+300 -1e+300 -1e+300) (0.038802 0.0459289 -1.0485e-22) (0.0447175 0.0438966 -6.95405e-21) (0.0481914 0.0406992 -1.44947e-21) (-1e+300 -1e+300 -1e+300) (0.0505279 0.0297249 2.64736e-21) (0.0488294 0.0239672 2.47708e-20) (-1e+300 -1e+300 -1e+300) (0.0393137 0.0115633 3.72584e-21) (-1e+300 -1e+300 -1e+300) (0.0249293 0.0028732 -7.81264e-21) (0.0168171 0.000324334 1.1854e-22) (0.0110539 -0.000630736 7.359e-21) (-1e+300 -1e+300 -1e+300) (0.00188119 -0.000431388 -1.69771e-21) (-1e+300 -1e+300 -1e+300) (-0.00204677 0.000907587 -2.47159e-20) (-0.00261516 0.00141701 -2.99887e-21) (-1e+300 -1e+300 -1e+300) (-0.0023094 0.00175756 2.87294e-21) (-0.00162326 0.00132243 1.99287e-20) (-0.000508437 0.000221898 -2.8383e-21) (-1e+300 -1e+300 -1e+300) (0.00122823 -0.00263668 2.89204e-21) (0.00164199 -0.00401267 -2.34953e-20) (-1e+300 -1e+300 -1e+300) (0.00173985 -0.00723555 3.16103e-21) (-1e+300 -1e+300 -1e+300) (0.000777102 -0.0103611 6.88647e-21) (4.84743e-05 -0.0113567 5.65758e-23)
13            (0.00164446 0.00300132 7.3533e-23) (0.00266587 0.0121036 8.96559e-21) (-1e+300 -1e+300 -1e+300) (0.00977871 0.030727 1.75461e-21) (-1e+300 -1e+300 -1e+300) (0.0220091 0.0441488 -1.55227e-20) (0.0283233 0.0477922 1.30978e-21) (-1e+300 -1e+300 -1e+300) (0.0422705 0.0500331 4.7278e-22) (0.0486696 0.0477432 -1.20938e-20) (0.0524999 0.0442873 -2.1325e-21) (-1e+300 -1e+300 -1e+300) (0.0554405 0.0325514 3.42039e-21) (0.0538668 0.026377 3.13422e-20) (-1e+300 -1e+300 -1e+300) (0.0441162 0.0129363 4.62472e-21) (-1e+300 -1e+300 -1e+300) (0.0286069 0.00329013 -9.68938e-21) (0.0195235 0.000385476 1.47405e-22) (0.0128916 -0.000714491 9.15216e-21) (-1e+300 -1e+300 -1e+300) (0.00187355 -0.000383752 -2.10441e-21) (-1e+300 -1e+300 -1e+300) (-0.00321815 0.00146135 -3.00306e-20) (-0.00401219 0.00219127 -3.61388e-21) (-1e+300 -1e+300 -1e+300) (-0.00359869 0.0027342 3.41264e-21) (-0.00276244 0.00235283 2.36251e-20) (-0.00169175 0.00167729 -3.36067e-21) (-1e+300 -1e+300 -1e+300) (-0.000953194 0.00163269 3.41969e-21) (-0.0010842 0.00245301 -2.7666e-20) (-1e+300 -1e+300 -1e+300) (-0.00136612 0.00574534 3.52888e-21) (-1e+300 -1e+300 -1e+300) (-0.00064826 0.00873545 7.10306e-21) (-6.00027e-05 0.00908481 5.54595e-23)
13.5          (0.00167008 0.00441992 7.28673e-23) (0.00281481 0.0135867 8.77222e-21) (-1e+300 -1e+300 -1e+300) (0.0102693 0.0324148 1.65804e-21) (-1e+300 -1e+300 -1e+300) (0.022987 0.0461069 -1.30778e-20) (0.029584 0.0498828 9.64059e-22) (-1e+300 -1e+300 -1e+300) (0.0443607 0.0524161 9.51635e-22) (0.0513556 0.0502602 -1.66679e-20) (0.0557313 0.0468787 -2.76956e-21) (-1e+300 -1e+300 -1e+300) (0.0600678 0.0351133 4.24272e-21) (0.059148 0.0287943 3.86924e-20) (-1e+300 -1e+300 -1e+300) (0.0506744 0.0146891 5.80032e-21) (-1e+300 -1e+300 -1e+300) (0.0356611 0.00395582 -1.2549e-20) (0.0263183 0.000388507 1.96496e-22) (0.0191917 -0.00118651 1.24914e-20) (-1e+300 -1e+300 -1e+300) (0.00642558 -0.00152041 -3.00463e-21) (-1e+300 -1e+300 -1e+300) (-0.000490459 0.00023492 -4.52454e-20) (-0.00189614 0.00100969 -5.48635e-21) (-1e+300 -1e+300 -1e+300) (-0.00256539 0.00192462 5.25288e-21) (-0.00237514 0.00213256 3.64342e-20) (-0.00233758 0.00276236 -5.15769e-21) (-1e+300 -1e+300 -1e+300) (-0.00321386 0.00615986 5.07457e-21) (-0.00364482 0.0086027 -4.02284e-20) (-1e+300 -1e+300 -1e+300) (-0.00346626 0.0144488 4.74302e-21) (-1e+300 -1e+300 -1e+300) (-0.00137905 0.0171004 8.6002e-21) (-0.000214339 0.0165742 6.28763e-23)
14            (0.00161654 -0.00178438 7.26689e-23) (0.00227294 0.00742665 9.06641e-21) (-1e+300 -1e+300 -1e+300) (0.00863651 0.0264277 1.83173e-21) (-1e+300 -1e+300 -1e+300) (0.0202681 0.0403996 -1.75055e-20) (0.0263827 0.0443395 1.57589e-21) (-1e+300 -1e+300 -1e+300) (0.040084 0.0473511 1.48032e-22) (0.0465021 0.0455396 -9.38144e-21) (0.0504421 0.0424816 -1.79192e-21) (-1e+300 -1e+300 -1e+300) (0.0539765 0.0316258 3.11377e-21) (0.0528326 0.0257968 2.90257e-20) (-1e+300 -1e+300 -1e+300) (0.0443758 0.0129209 4.44854e-21) (-1e+300 -1e+300 -1e+300) (0.0303718 0.00339038 -9.64099e-21) (0.0220423 0.000327862 1.50551e-22) (0.0158927 -0.000993946 9.56189e-21) (-1e+300 -1e+300 -1e+300) (0.00543291 -0.00132704 -2.30138e-21) (-1e+300 -1e+300 -1e+300) (0.000219207 -0.000119027 -3.51058e-20) (-0.00084657 0.000460185 -4.29652e-21) (-1e+300 -1e+300 -1e+300) (-0.00206573 0.00183544 4.15358e-21) (-0.00230971 0.002403 2.86751e-20) (-0.00217021 0.0026263 -3.99104e-21) (-1e+300 -1e+300 -1e+300) (-0.000395796 6.15609e-05 3.8219e-21) (0.000683301 -0.0024568 -2.97274e-20) (-1e+300 -1e+300 -1e+300) (0.00213478 -0.00943406 3.59551e-21) (-1e+300 -1e+300 -1e+300) (0.00121245 -0.0141223 7.29652e-21) (0.000286115 -0.0143874 5.79527e-23)
14.5          (0.00161781 -0.00197952 7.51916e-23) (0.00225344 0.0072362 9.46421e-21) (-1e+300 -1e+300 -1e+300) (0.0085472 0.0261574 1.95693e-21) (-1e+300 -1e+300 -1e+300) (0.0200146 0.0399338 -2.00038e-20) (0.0260044 0.0437545 1.91298e-21) (-1e+300 -1e+300 -1e+300) (0.0392544 0.0464479 -2.71732e-22) (0.0452924 0.0444484 -5.50561e-21) (0.0488559 0.0412493 -1.25949e-21) (-1e+300 -1e+300 -1e+300) (0.0513206 0.0301891 2.43287e-21) (0.049625 0.0243599 2.29694e-20) (-1e+300 -1e+300 -1e+300) (0.0399437 0.0117613 3.46665e-21) (-1e+300 -1e+300 -1e+300) (0.0251511 0.0029176 -7.21349e-21) (0.0167524 0.000342893 1.08265e-22) (0.0107662 -0.000594374 6.65336e-21) (-1e+300 -1e+300 -1e+300) (0.0012296 -0.000261158 -1.50023e-21) (-1e+300 -1e+300 -1e+300) (-0.00279557 0.00124639 -2.12754e-20) (-0.00333584 0.00181184 -2.56454e-21) (-1e+300 -1e+300 -1e+300) (-0.00261562 0.00189193 2.43676e-21) (-0.00149545 0.000998462 1.69468e-20) (0.000193808 -0.000835051 -2.44384e-21) (-1e+300 -1e+300 -1e+300) (0.00220016 -0.00439974 2.6063e-21) (0.00245059 -0.00579711 -2.16891e-20) (-1e+300 -1e+300 -1e+300) (0.00222496 -0.00956038 3.11591e-21) (-1e+300 -1e+300 -1e+300) (0.000986693 -0.0147659 7.23899e-21) (-7.14563e-06 -0.0168183 6.16473e-23)
15            (0.00168635 0.00471513 7.41611e-23) (0.00285512 0.0139335 8.98688e-21) (-1e+300 -1e+300 -1e+300) (0.0103756 0.0328023 1.73789e-21) (-1e+300 -1e+300 -1e+300) (0.0231309 0.0464313 -1.49073e-20) (0.0297199 0.0501471 1.2209e-21) (-1e+300 -1e+300 -1e+300) (0.0443808 0.0524821 6.11897e-22) (0.0512285 0.050187 -1.34751e-20) (0.0554356 0.0466881 -2.32896e-21) (-1e+300 -1e+300 -1e+300) (0.0592112 0.0346795 3.68164e-21) (0.0579578 0.028291 3.37329e-20) (-1e+300 -1e+300 -1e+300) (0.0486109 0.0141787 5.01026e-21) (-1e+300 -1e+300 -1e+300) (0.0327685 0.0037208 -1.06089e-20) (0.0231153 0.000421623 1.62627e-22) (0.0158649 -0.000905492 1.01464e-20) (-1e+300 -1e+300 -1e+300) (0.00325417 -0.000700741 -2.34614e-21) (-1e+300 -1e+300 -1e+300) (-0.00311616 0.00143716 -3.34633e-20) (-0.00428245 0.00236212 -4.01016e-21) (-1e+300 -1e+300 -1e+300) (-0.00431338 0.00331578 3.75121e-21) (-0.00343643 0.00293759 2.58711e-20) (-0.00211117 0.00203862 -3.66573e-21) (-1e+300 -1e+300 -1e+300) (-0.00106242 0.00177194 3.73491e-21) (-0.00128615 0.00293939 -3.02719e-20) (-1e+300 -1e+300 -1e+300) (-0.0019398 0.00851653 3.85665e-21) (-1e+300 -1e+300 -1e+300) (-0.000941451 0.0152041 7.62852e-21) (0.000118599 0.0169842 5.83057e-23)
15.5          (0.00168004 0.00390705 7.66855e-23) (0.00279203 0.0131494 9.25041e-21) (-1e+300 -1e+300 -1e+300) (0.0102214 0.0321696 1.76808e-21) (-1e+300 -1e+300 -1e+300) (0.0229951 0.0460751 -1.46179e-20) (0.0296478 0.0499488 1.14382e-21) (-1e+300 -1e+300 -1e+300) (0.0446309 0.0526971 8.08109e-22) (0.0517944 0.0506493 -1.57276e-20) (0.0563332 0.0473421 -2.67009e-21) (-1e+300 -1e+300 -1e+300) (0.061115 0.0356811 4.19439e-21) (0.0604166 0.0293637 3.85073e-20) (-1e+300 -1e+300 -1e+300) (0.0524192 0.0151452 5.84574e-21) (-1e+300 -1e+300 -1e+300) (0.0377007 0.00413901 -1.27756e-20) (0.0283745 0.000380685 2.0129e-22) (0.0211723 -0.00134338 1.28581e-20) (-1e+300 -1e+300 -1e+300) (0.00800186 -0.00192231 -3.11744e-21) (-1e+300 -1e+300 -1e+300) (0.000564136 -0.000241761 -4.7355e-20) (-0.00104911 0.000542578 -5.7649e-21) (-1e+300 -1e+300 -1e+300) (-0.00213398 0.00159528 5.52366e-21) (-0.00214523 0.001961 3.82977e-20) (-0.00238618 0.00291693 -5.41258e-21) (-1e+300 -1e+300 -1e+300) (-0.00368243 0.0071913 5.28382e-21) (-0.00418601 0.0100065 -4.16487e-20) (-1e+300 -1e+300 -1e+300) (-0.00383837 0.0159143 4.79842e-21) (-1e+300 -1e+300 -1e+300) (-0.00150667 0.0170159 8.43757e-21) (-0.000366319 0.015552 6.07121e-23)
16            (0.00161436 -0.00277881 7.29456e-23) (0.00219415 0.0064673 9.19317e-21) (-1e+300 -1e+300 -1e+300) (0.00839842 0.0255416 1.88161e-21) (-1e+300 -1e+300 -1e+300) (0.0198785 0.0395793 -1.86077e-20) (0.0259247 0.0435466 1.72527e-21) (-1e+300 -1e+300 -1e+300) (0.039463 0.0466198 -3.83746e-23) (0.0457825 0.0448458 -7.71054e-21) (0.0496401 0.041822 -1.56839e-21) (-1e+300 -1e+300 -1e+300) (0.0529873 0.031067 2.85308e-21) (0.0517671 0.0252989 2.679e-20) (-1e+300 -1e+300 -1e+300) (0.0431983 0.0125984 4.12632e-21) (-1e+300 -1e+300 -1e+300) (0.0292376 0.00327707 -8.92207e-21) (0.0210208 0.000321558 1.38813e-22) (0.0150026 -0.000933019 8.79162e-21) (-1e+300 -1e+300 -1e+300) (0.00490614 -0.00120078 -2.10499e-21) (-1e+300 -1e+300 -1e+300) (-1.64469e-06 -1.55621e-05 -3.20037e-20) (-0.000992413 0.000554708 -3.91337e-21) (-1e+300 -1e+300 -1e+300) (-0.00200283 0.00174818 3.77712e-21) (-0.00197024 0.00194659 2.6057e-20) (-0.00128308 0.00129174 -3.63117e-21) (-1e+300 -1e+300 -1e+300) (0.00143457 -0.00354068 3.4937e-21) (0.00264123 -0.00693924 -2.75404e-20) (-1e+300 -1e+300 -1e+300) (0.00363332 -0.0149215 3.54422e-21) (-1e+300 -1e+300 -1e+300) (0.00179279 -0.0192384 7.59468e-21) (0.000485903 -0.018939 6.15256e-23)
16.5          (0.00163057 -0.00109449 7.48787e-23) (0.00233728 0.00813816 9.35602e-21) (-1e+300 -1e+300 -1e+300) (0.00880119 0.0270766 1.91706e-21) (-1e+300 -1e+300 -1e+300) (0.0204475 0.0408385 -1.91319e-20) (0.0265176 0.0446413 1.79551e-21) (-1e+300 -1e+300 -1e+300) (0.0399428 0.0472651 -1.25942e-22) (0.0460685 0.0452072 -6.79429e-21) (0.0496931 0.0419502 -1.42969e-21) (-1e+300 -1e+300 -1e+300) (0.0522429 0.0307245 2.62103e-21) (0.0505498 0.0248077 2.45465e-20) (-1e+300 -1e+300 -1e+300) (0.0407575 0.0120009 3.67225e-21) (-1e+300 -1e+300 -1e+300) (0.0256698 0.00298461 -7.6183e-21) (0.0170447 0.000358817 1.14199e-22) (0.0108671 -0.000587629 7.00655e-21) (-1e+300 -1e+300 -1e+300) (0.000955089 -0.000180807 -1.57324e-21) (-1e+300 -1e+300 -1e+300) (-0.00326971 0.00146529 -2.20962e-20) (-0.00383856 0.00209135 -2.65532e-21) (-1e+300 -1e+300 -1e+300) (-0.00309124 0.00227571 2.50949e-21) (-0.00194414 0.00143148 1.74304e-20) (-0.000272836 -0.00024416 -2.51703e-21) (-1e+300 -1e+300 -1e+300) (0.00145125 -0.00292929 2.6709e-21) (0.00155115 -0.00367027 -2.21586e-20) (-1e+300 -1e+300 -1e+300) (0.00126147 -0.00569146 3.12815e-21) (-1e+300 -1e+300 -1e+300) (0.000504172 -0.0100429 7.15445e-21) (-0.000199122 -0.0124396 6.06937e-23)
17            (0.00169511 0.00539713 7.14979e-23) (0.00291995 0.0146257 8.61881e-21) (-1e+300 -1e+300 -1e+300) (0.0105789 0.0335246 1.63425e-21) (-1e+300 -1e+300 -1e+300) (0.0235015 0.0471896 -1.30205e-20) (0.030178 0.0509212 9.7581e-22) (-1e+300 -1e+300 -1e+300) (0.0450737 0.0532837 8.91706e-22) (0.0520779 0.0509932 -1.59044e-20) (0.0564226 0.0474872 -2.6493e-21) (-1e+300 -1e+300 -1e+300) (0.0605299 0.0354165 4.04795e-21) (0.0594244 0.0289682 3.68631e-20) (-1e+300 -1e+300 -1e+300) (0.0503418 0.0146456 5.46439e-21) (-1e+300 -1e+300 -1e+300) (0.0345472 0.00389248 -1.16407e-20) (0.0247814 0.000426288 1.79744e-22) (0.0173688 -0.0010142 1.12843e-20) (-1e+300 -1e+300 -1e+300) (0.0042418 -0.00094232 -2.64318e-21) (-1e+300 -1e+300 -1e+300) (-0.00264056 0.00123021 -3.82397e-20) (-0.00397672 0.00219825 -4.59403e-21) (-1e+300 -1e+300 -1e+300) (-0.00426179 0.00327861 4.3147e-21) (-0.00347729 0.0029877 2.97768e-20) (-0.00226498 0.00223581 -4.21568e-21) (-1e+300 -1e+300 -1e+300) (-0.00136904 0.00233029 4.26944e-21) (-0.00163238 0.00372437 -3.45036e-20) (-1e+300 -1e+300 -1e+300) (-0.00229132 0.0100632 4.3533e-21) (-1e+300 -1e+300 -1e+300) (-0.00106796 0.017704 8.49487e-21) (0.00018255 0.0198649 6.42725e-23)
17.5          (0.00167114 0.0028963 7.4421e-23) (0.00270389 0.0121464 8.99493e-21) (-1e+300 -1e+300 -1e+300) (0.00995801 0.031201 1.71628e-21) (-1e+300 -1e+300 -1e+300) (0.0225627 0.0451643 -1.3926e-20) (0.0291433 0.0490719 1.06016e-21) (-1e+300 -1e+300 -1e+300) (0.0439749 0.0519165 8.82013e-22) (0.0510646 0.0499354 -1.62968e-20) (0.0555522 0.0466888 -2.74014e-21) (-1e+300 -1e+300 -1e+300) (0.0602587 0.0351869 4.26587e-21) (0.0595519 0.0289494 3.90753e-20) (-1e+300 -1e+300 -1e+300) (0.0516197 0.0149166 5.92412e-21) (-1e+300 -1e+300 -1e+300) (0.0371085 0.0040706 -1.29575e-20) (0.0279558 0.000368848 2.0453e-22) (0.0209111 -0.00133495 1.30902e-20) (-1e+300 -1e+300 -1e+300) (0.00809265 -0.00195716 -3.18949e-21) (-1e+300 -1e+300 -1e+300) (0.000908842 -0.000411667 -4.87635e-20) (-0.000641526 0.000305473 -5.96598e-21) (-1e+300 -1e+300 -1e+300) (-0.00183691 0.00140688 5.74861e-21) (-0.00205338 0.00198114 3.98849e-20) (-0.00258443 0.00330939 -5.62922e-21) (-1e+300 -1e+300 -1e+300) (-0.0040156 0.00788455 5.44373e-21) (-0.00435927 0.0103531 -4.26188e-20) (-1e+300 -1e+300 -1e+300) (-0.00353142 0.01401 4.83234e-21) (-1e+300 -1e+300 -1e+300) (-0.00129856 0.0122252 8.46504e-21) (-0.000441134 0.0100352 6.1367e-23)
18            (0.00160964 -0.00328519 7.19343e-23) (0.00214831 0.00596069 9.11859e-21) (-1e+300 -1e+300 -1e+300) (0.00825392 0.0250245 1.87801e-21) (-1e+300 -1e+300 -1e+300) (0.0196159 0.0390411 -1.88139e-20) (0.0255997 0.0429972 1.76235e-21) (-1e+300 -1e+300 -1e+300) (0.0389669 0.0460468 -1.10027e-22) (0.0451698 0.0442653 -6.95934e-21) (0.0489231 0.0412433 -1.45946e-21) (-1e+300 -1e+300 -1e+300) (0.0520153 0.0305252 2.70435e-21) (0.0506811 0.0247978 2.54418e-20) (-1e+300 -1e+300 -1e+300) (0.0419065 0.0122493 3.90866e-21) (-1e+300 -1e+300 -1e+300) (0.0279054 0.00314849 -8.3975e-21) (0.0197684 0.000318565 1.29917e-22) (0.0138642 -0.000849966 8.19297e-21) (-1e+300 -1e+300 -1e+300) (0.0041204 -0.0010055 -1.94696e-21) (-1e+300 -1e+300 -1e+300) (-0.000456203 0.000192617 -2.93889e-20) (-0.00133442 0.000746091 -3.58989e-21) (-1e+300 -1e+300 -1e+300) (-0.0019456 0.00161443 3.46025e-21) (-0.00156674 0.001385 2.38914e-20) (-0.000373162 -4.0024e-05 -3.35207e-21) (-1e+300 -1e+300 -1e+300) (0.00281245 -0.00609087 3.28931e-21) (0.00392099 -0.00968115 -2.6418e-20) (-1e+300 -1e+300 -1e+300) (0.00437329 -0.0175195 3.57821e-21) (-1e+300 -1e+300 -1e+300) (0.00204123 -0.0215967 7.92965e-21) (0.00055759 -0.0212007 6.50409e-23)
18.5          (0.00164148 -1.59187e-05 7.48256e-23) (0.00243357 0.00921631 9.28327e-21) (-1e+300 -1e+300 -1e+300) (0.00909179 0.0281379 1.88123e-21) (-1e+300 -1e+300 -1e+300) (0.0209347 0.0418597 -1.82537e-20) (0.0270925 0.0456359 1.67458e-21) (-1e+300 -1e+300 -1e+300) (0.0407121 0.0481767 3.12854e-23) (0.0469399 0.0460562 -8.21377e-21) (0.0506398 0.0427391 -1.61957e-21) (-1e+300 -1e+300 -1e+300) (0.0533177 0.0313429 2.83804e-21) (0.0516514 0.0253346 2.63919e-20) (-1e+300 -1e+300 -1e+300) (0.041808 0.0123015 3.92428e-21) (-1e+300 -1e+300 -1e+300) (0.026472 0.00307673 -8.14231e-21) (0.0176295 0.000373662 1.22237e-22) (0.0112556 -0.000603237 7.50511e-21) (-1e+300 -1e+300 -1e+300) (0.000920864 -0.000160263 -1.68615e-21) (-1e+300 -1e+300 -1e+300) (-0.003576 0.00161056 -2.35758e-20) (-0.00420503 0.00229865 -2.82716e-21) (-1e+300 -1e+300 -1e+300) (-0.0035166 0.00263254 2.65892e-21) (-0.00239026 0.00187842 1.84286e-20) (-0.000771055 0.000386485 -2.64968e-21) (-1e+300 -1e+300 -1e+300) (0.000736319 -0.00154851 2.78932e-21) (0.00072069 -0.00170167 -2.3022e-20) (-1e+300 -1e+300 -1e+300) (0.00033845 -0.00173726 3.17542e-21) (-1e+300 -1e+300 -1e+300) (3.87332e-05 -0.00411047 7.06045e-21) (-0.000304639 -0.00623279 5.89784e-23)
19            (0.00169889 0.0057622 7.17029e-23) (0.00295391 0.0149932 8.61883e-21) (-1e+300 -1e+300 -1e+300) (0.0106876 0.0339089 1.62212e-21) (-1e+300 -1e+300 -1e+300) (0.0237058 0.0476043 -1.26037e-20) (0.0304353 0.0513523 9.14036e-22) (-1e+300 -1e+300 -1e+300) (0.0454831 0.0537527 9.84329e-22) (0.0525955 0.0514796 -1.6809e-20) (0.0570395 0.0479823 -2.77634e-21) (-1e+300 -1e+300 -1e+300) (0.061404 0.0358996 4.21318e-21) (0.0604219 0.0294231 3.83427e-20) (-1e+300 -1e+300 -1e+300) (0.051592 0.014977 5.70015e-21) (-1e+300 -1e+300 -1e+300) (0.0359211 0.00401955 -1.22131e-20) (0.0261266 0.000424831 1.89563e-22) (0.0186343 -0.00111065 1.19526e-20) (-1e+300 -1e+300 -1e+300) (0.00518567 -0.00117815 -2.82361e-21) (-1e+300 -1e+300 -1e+300) (-0.00206989 0.000977191 -4.1283e-20) (-0.0035411 0.0019597 -4.96658e-21) (-1e+300 -1e+300 -1e+300) (-0.004044 0.00310245 4.67536e-21) (-0.00336471 0.00289732 3.22786e-20) (-0.00232467 0.00234866 -4.56679e-21) (-1e+300 -1e+300 -1e+300) (-0.00171385 0.00299593 4.59933e-21) (-0.00203807 0.00467286 -3.70681e-20) (-1e+300 -1e+300 -1e+300) (-0.00265669 0.0116351 4.62952e-21) (-1e+300 -1e+300 -1e+300) (-0.00119171 0.0195542 8.90835e-21) (0.000185619 0.02168 6.67801e-23)
19.5          (0.00166027 0.00177629 7.44938e-23) (0.00260432 0.0110287 9.04671e-21) (-1e+300 -1e+300 -1e+300) (0.00965726 0.0301027 1.74838e-21) (-1e+300 -1e+300 -1e+300) (0.0220576 0.0441066 -1.47666e-20) (0.0285462 0.0480402 1.17709e-21) (-1e+300 -1e+300 -1e+300) (0.0431703 0.0509652 7.26023e-22) (0.050147 0.0490445 -1.48729e-20) (0.054548 0.0458559 -2.54848e-21) (-1e+300 -1e+300 -1e+300) (0.0590922 0.0345202 4.04334e-21) (0.0583366 0.0283739 3.71645e-20) (-1e+300 -1e+300 -1e+300) (0.0503912 0.0145735 5.65595e-21) (-1e+300 -1e+300 -1e+300) (0.0360552 0.00395939 -1.23779e-20) (0.02709 0.000357734 1.95349e-22) (0.0202312 -0.00129416 1.25034e-20) (-1e+300 -1e+300 -1e+300) (0.00786946 -0.00191257 -3.04811e-21) (-1e+300 -1e+300 -1e+300) (0.00105259 -0.000489658 -4.67042e-20) (-0.000403496 0.000168356 -5.7291e-21) (-1e+300 -1e+300 -1e+300) (-0.00170846 0.0013774 5.53891e-21) (-0.0021115 0.00215648 3.84189e-20) (-0.00283326 0.00373736 -5.40662e-21) (-1e+300 -1e+300 -1e+300) (-0.00406227 0.00790758 5.17315e-21) (-0.00411253 0.00954967 -4.02325e-20) (-1e+300 -1e+300 -1e+300) (-0.0027634 0.0101348 4.50955e-21) (-1e+300 -1e+300 -1e+300) (-0.000869809 0.00587994 7.97372e-21) (-0.000387499 0.00349036 5.86264e-23)
20            (0.00160724 -0.00351264 7.24274e-23) (0.00212668 0.00573089 9.21194e-21) (-1e+300 -1e+300 -1e+300) (0.00818245 0.024776 1.90969e-21) (-1e+300 -1e+300 -1e+300) (0.0194744 0.0387578 -1.94809e-20) (0.0254168 0.0426945 1.85307e-21) (-1e+300 -1e+300 -1e+300) (0.0386587 0.0456968 -2.24698e-22) (0.0447689 0.043891 -5.90644e-21) (0.0484358 0.0408529 -1.31594e-21) (-1e+300 -1e+300 -1e+300) (0.0513001 0.0301307 2.52658e-21) (0.0498572 0.0244218 2.38813e-20) (-1e+300 -1e+300 -1e+300) (0.0408651 0.0119714 3.66695e-21) (-1e+300 -1e+300 -1e+300) (0.0267696 0.0030416 -7.82388e-21) (0.0186649 0.000318361 1.20182e-22) (0.0128315 -0.000772377 7.53585e-21) (-1e+300 -1e+300 -1e+300) (0.0033442 -0.000810618 -1.77135e-21) (-1e+300 -1e+300 -1e+300) (-0.000958034 0.000419047 -2.64338e-20) (-0.00172147 0.000952558 -3.22336e-21) (-1e+300 -1e+300 -1e+300) (-0.00189428 0.00147315 3.10077e-21) (-0.00119962 0.000874413 2.14535e-20) (0.000363253 -0.00108149 -3.02304e-21) (-1e+300 -1e+300 -1e+300) (0.00363545 -0.00751325 3.06036e-21) (0.0045592 -0.0109493 -2.50007e-20) (-1e+300 -1e+300 -1e+300) (0.00461191 -0.018397 3.52127e-21) (-1e+300 -1e+300 -1e+300) (0.00211065 -0.0227209 8.00572e-21) (0.000556371 -0.0225768 6.64336e-23)
20.5          (0.00165291 0.0011287 7.4544e-23) (0.00253581 0.0103596 9.17925e-21) (-1e+300 -1e+300 -1e+300) (0.00940128 0.0292658 1.841e-21) (-1e+300 -1e+300 -1e+300) (0.0214577 0.0429528 -1.74034e-20) (0.0277131 0.0467062 1.56215e-21) (-1e+300 -1e+300 -1e+300) (0.0415568 0.0491736 1.67144e-22) (0.0479091 0.0469959 -9.40763e-21) (0.0517052 0.0436227 -1.77756e-21) (-1e+300 -1e+300 -1e+300) (0.0545685 0.0320575 3.01728e-21) (0.0529577 0.0259539 2.7923e-20) (-1e+300 -1e+300 -1e+300) (0.0431249 0.0126722 4.13939e-21) (-1e+300 -1e+300 -1e+300) (0.0275757 0.00319652 -8.60665e-21) (0.0185133 0.000388059 1.29565e-22) (0.011928 -0.000640571 7.96942e-21) (-1e+300 -1e+300 -1e+300) (0.00110521 -0.000194425 -1.79512e-21) (-1e+300 -1e+300 -1e+300) (-0.00373971 0.0016922 -2.50641e-20) (-0.00445643 0.00244305 -3.0009e-21) (-1e+300 -1e+300 -1e+300) (-0.00387427 0.00293515 2.81056e-21) (-0.00277945 0.00226707 1.94371e-20) (-0.00119939 0.000916104 -2.78095e-21) (-1e+300 -1e+300 -1e+300) (0.00018263 -0.000495321 2.90755e-21) (8.45629e-05 -0.000196031 -2.38916e-20) (-1e+300 -1e+300 -1e+300) (-0.000405838 0.00158134 3.20379e-21) (-1e+300 -1e+300 -1e+300) (-0.000320578 0.00167092 6.9244e-21) (-0.000291174 0.000312078 5.7037e-23)
21            (0.00169985 0.00585056 7.2074e-23) (0.00296307 0.0150844 8.65027e-21) (-1e+300 -1e+300 -1e+300) (0.0107216 0.034021 1.62253e-21) (-1e+300 -1e+300 -1e+300) (0.023784 0.0477555 -1.24708e-20) (0.0305432 0.0515257 8.90825e-22) (-1e+300 -1e+300 -1e+300) (0.0456893 0.0539821 1.028e-21) (0.05288 0.0517403 -1.72742e-20) (0.0574 0.0482653 -2.84464e-21) (-1e+300 -1e+300 -1e+300) (0.0619772 0.0362115 4.31102e-21) (0.0611046 0.0297298 3.92462e-20) (-1e+300 -1e+300 -1e+300) (0.0525217 0.0152186 5.85542e-21) (-1e+300 -1e+300 -1e+300) (0.0370228 0.00411697 -1.2612e-20) (0.0272527 0.00041948 1.96641e-22) (0.0197335 -0.00119829 1.24465e-20) (-1e+300 -1e+300 -1e+300) (0.00609151 -0.00140825 -2.96246e-21) (-1e+300 -1e+300 -1e+300) (-0.00143983 0.000694226 -4.37676e-20) (-0.00301964 0.00167077 -5.27365e-21) (-1e+300 -1e+300 -1e+300) (-0.00371419 0.00283434 4.97837e-21) (-0.00315159 0.00271632 3.43926e-20) (-0.00232368 0.00240933 -4.86454e-21) (-1e+300 -1e+300 -1e+300) (-0.00208759 0.00375323 4.87163e-21) (-0.0024909 0.00576727 -3.91372e-20) (-1e+300 -1e+300 -1e+300) (-0.0030396 0.0132711 4.82786e-21) (-1e+300 -1e+300 -1e+300) (-0.00131969 0.0209508 9.14084e-21) (0.000136876 0.0227157 6.78784e-23)
21.5          (0.00164894 0.000624899 7.40692e-23) (0.00250152 0.00987817 9.05615e-21) (-1e+300 -1e+300 -1e+300) (0.00934493 0.0289652 1.77396e-21) (-1e+300 -1e+300 -1e+300) (0.0215274 0.0429994 -1.55853e-20) (0.0279155 0.0469534 1.29525e-21) (-1e+300 -1e+300 -1e+300) (0.0423052 0.0499457 5.5765e-22) (0.0491487 0.0480786 -1.3293e-20) (0.0534438 0.0449436 -2.33263e-21) (-1e+300 -1e+300 -1e+300) (0.0577744 0.0337702 3.78454e-21) (0.0569452 0.0277182 3.4919e-20) (-1e+300 -1e+300 -1e+300) (0.0489346 0.0141699 5.33218e-21) (-1e+300 -1e+300 -1e+300) (0.0347444 0.00382487 -1.1662e-20) (0.0259671 0.000347661 1.83828e-22) (0.0193041 -0.00123362 1.17568e-20) (-1e+300 -1e+300 -1e+300) (0.00744316 -0.00181563 -2.86314e-21) (-1e+300 -1e+300 -1e+300) (0.0010397 -0.000492559 -4.39116e-20) (-0.000316452 0.000124694 -5.39378e-21) (-1e+300 -1e+300 -1e+300) (-0.00172731 0.00147595 5.22523e-21) (-0.00225393 0.00239542 3.62071e-20) (-0.00300026 0.00399582 -5.07535e-21) (-1e+300 -1e+300 -1e+300) (-0.00365406 0.00692122 4.81159e-21) (-0.0033199 0.00734557 -3.72592e-20) (-1e+300 -1e+300 -1e+300) (-0.00154922 0.00469267 4.19607e-21) (-1e+300 -1e+300 -1e+300) (-0.000263134 -0.00101937 7.61167e-21) (-0.000216756 -0.00306173 5.6646e-23)
22            (0.00160759 -0.00346064 7.30425e-23) (0.00212995 0.00578049 9.29691e-21) (-1e+300 -1e+300 -1e+300) (0.00818677 0.0248039 1.93273e-21) (-1e+300 -1e+300 -1e+300) (0.0194614 0.0387433 -1.98821e-20) (0.0253866 0.0426552 1.90519e-21) (-1e+300 -1e+300 -1e+300) (0.0385587 0.0455927 -2.84622e-22) (0.0446068 0.0437485 -5.36649e-21) (0.0482111 0.0406802 -1.24234e-21) (-1e+300 -1e+300 -1e+300) (0.0508923 0.0299119 2.43177e-21) (0.0493534 0.0241977 2.30332e-20) (-1e+300 -1e+300 -1e+300) (0.0401446 0.0117839 3.5251e-21) (-1e+300 -1e+300 -1e+300) (0.0259016 0.00296363 -7.46368e-21) (0.0177762 0.000321385 1.13806e-22) (0.0119629 -0.000704256 7.09286e-21) (-1e+300 -1e+300 -1e+300) (0.00261639 -0.000625771 -1.64757e-21) (-1e+300 -1e+300 -1e+300) (-0.00148703 0.000655614 -2.42662e-20) (-0.00214792 0.00117567 -2.95216e-21) (-1e+300 -1e+300 -1e+300) (-0.00192614 0.00141316 2.83506e-21) (-0.000994321 0.00056584 1.967e-20) (0.000770394 -0.00163606 -2.79139e-21) (-1e+300 -1e+300 -1e+300) (0.00384076 -0.00775744 2.90799e-21) (0.00455778 -0.0108091 -2.40488e-20) (-1e+300 -1e+300 -1e+300) (0.00439908 -0.0177145 3.46875e-21) (-1e+300 -1e+300 -1e+300) (0.0020113 -0.0226269 8.02633e-21) (0.000483833 -0.0230162 6.73301e-23)
22.5          (0.00166421 0.00227014 7.33878e-23) (0.00263799 0.0114998 8.99348e-21) (-1e+300 -1e+300 -1e+300) (0.0097118 0.0303945 1.78157e-21) (-1e+300 -1e+300 -1e+300) (0.0219869 0.0440558 -1.62684e-20) (0.0283444 0.0477918 1.41504e-21) (-1e+300 -1e+300 -1e+300) (0.04243 0.0502005 3.36283e-22) (0.0489227 0.0479746 -1.08686e-20) (0.0528309 0.0445523 -1.96944e-21) (-1e+300 -1e+300 -1e+300) (0.0559266 0.0328293 3.23368e-21) (0.0543969 0.0266317 2.97691e-20) (-1e+300 -1e+300 -1e+300) (0.0446359 0.0130926 4.40248e-21) (-1e+300 -1e+300 -1e+300) (0.0289205 0.00333742 -9.18874e-21) (0.0196481 0.000401193 1.38972e-22) (0.012848 -0.000697654 8.57851e-21) (-1e+300 -1e+300 -1e+300) (0.0014967 -0.000281098 -1.94502e-21) (-1e+300 -1e+300 -1e+300) (-0.0037558 0.00170735 -2.72615e-20) (-0.00458298 0.00251821 -3.26346e-21) (-1e+300 -1e+300 -1e+300) (-0.00414263 0.00316326 3.05188e-21) (-0.00308923 0.00257523 2.1077e-20) (-0.00154603 0.00133546 -3.00378e-21) (-1e+300 -1e+300 -1e+300) (-0.000231064 0.000271818 3.11477e-21) (-0.000380932 0.000891933 -2.5424e-20) (-1e+300 -1e+300 -1e+300) (-0.000965909 0.00413915 3.33417e-21) (-1e+300 -1e+300 -1e+300) (-0.000571284 0.00668227 6.95565e-21) (-0.000187013 0.00635521 5.57409e-23)
23            (0.00169802 0.00565823 7.24878e-23) (0.00294714 0.0148955 8.69444e-21) (-1e+300 -1e+300 -1e+300) (0.0106795 0.0338568 1.62776e-21) (-1e+300 -1e+300 -1e+300) (0.0237332 0.0476377 -1.24234e-20) (0.0304973 0.0514348 8.7782e-22) (-1e+300 -1e+300 -1e+300) (0.0456837 0.0539626 1.06128e-21) (0.0529191 0.0517644 -1.76562e-20) (0.0574875 0.0483242 -2.90239e-21) (-1e+300 -1e+300 -1e+300) (0.0622219 0.0363371 4.39759e-21) (0.0614382 0.0298724 4.00503e-20) (-1e+300 -1e+300 -1e+300) (0.0530805 0.0153579 5.99554e-21) (-1e+300 -1e+300 -1e+300) (0.0377866 0.0041795 -1.29751e-20) (0.0280885 0.000411019 2.03131e-22) (0.020594 -0.00127101 1.2903e-20) (-1e+300 -1e+300 -1e+300) (0.00689489 -0.00161617 -3.09319e-21) (-1e+300 -1e+300 -1e+300) (-0.000794696 0.000400315 -4.61886e-20) (-0.00244633 0.0013488 -5.57596e-21) (-1e+300 -1e+300 -1e+300) (-0.00329622 0.00249427 5.28354e-21) (-0.00286293 0.00247194 3.6537e-20) (-0.00228743 0.00245056 -5.16858e-21) (-1e+300 -1e+300 -1e+300) (-0.00249524 0.00461436 5.1454e-21) (-0.0029827 0.00699132 -4.11738e-20) (-1e+300 -1e+300 -1e+300) (-0.00341297 0.0148331 5.00256e-21) (-1e+300 -1e+300 -1e+300) (-0.00144216 0.0216604 9.29669e-21) (3.49604e-05 0.0227599 6.83759e-23)
23.5          (0.00163786 -0.000491976 7.40131e-23) (0.00240144 0.00876097 9.12188e-21) (-1e+300 -1e+300 -1e+300) (0.00903921 0.0278544 1.80922e-21) (-1e+300 -1e+300 -1e+300) (0.0210031 0.0419074 -1.64584e-20) (0.0272882 0.0458754 1.41563e-21) (-1e+300 -1e+300 -1e+300) (0.0414311 0.0489183 3.99589e-22) (0.0481294 0.0470951 -1.18489e-20) (0.0523071 0.0440062 -2.13754e-21) (-1e+300 -1e+300 -1e+300) (0.0563857 0.0329829 3.55327e-21) (0.0554638 0.0270232 3.29148e-20) (-1e+300 -1e+300 -1e+300) (0.0473439 0.0137317 5.04036e-21) (-1e+300 -1e+300 -1e+300) (0.0332684 0.00367588 -1.10075e-20) (0.0246726 0.000338715 1.73167e-22) (0.0182061 -0.00115902 1.10597e-20) (-1e+300 -1e+300 -1e+300) (0.00686304 -0.0016784 -2.68766e-21) (-1e+300 -1e+300 -1e+300) (0.000890277 -0.000428102 -4.122e-20) (-0.000367684 0.00016696 -5.06403e-21) (-1e+300 -1e+300 -1e+300) (-0.00183382 0.00163254 4.90815e-21) (-0.00237501 0.0025634 3.39583e-20) (-0.00293773 0.0038691 -4.74047e-21) (-1e+300 -1e+300 -1e+300) (-0.00269884 0.00479764 4.47416e-21) (-0.00196607 0.00383907 -3.46711e-20) (-1e+300 -1e+300 -1e+300) (-2.33463e-05 -0.00153358 3.98155e-21) (-1e+300 -1e+300 -1e+300) (0.000419889 -0.0075496 7.40586e-21) (1.38572e-05 -0.00887813 5.67642e-23)
24            (0.00161072 -0.00313048 7.27863e-23) (0.00215815 0.00610837 9.24724e-21) (-1e+300 -1e+300 -1e+300) (0.00826723 0.0251087 1.92261e-21) (-1e+300 -1e+300 -1e+300) (0.0195789 0.0390007 -1.97911e-20) (0.0255122 0.0428842 1.89858e-21) (-1e+300 -1e+300 -1e+300) (0.038675 0.0457433 -2.91226e-22) (0.044696 0.0438491 -5.2304e-21) (0.0482655 0.0407393 -1.2178e-21) (-1e+300 -1e+300 -1e+300) (0.0508208 0.0298849 2.3843e-21) (0.049205 0.0241416 2.25666e-20) (-1e+300 -1e+300 -1e+300) (0.0397923 0.0116994 3.43351e-21) (-1e+300 -1e+300 -1e+300) (0.0253539 0.00291963 -7.21119e-21) (0.0171527 0.000327812 1.0917e-22) (0.0113053 -0.000648953 6.76252e-21) (-1e+300 -1e+300 -1e+300) (0.00197171 -0.00045946 -1.55169e-21) (-1e+300 -1e+300 -1e+300) (-0.00202558 0.000896606 -2.25298e-20) (-0.00261083 0.00141956 -2.73283e-21) (-1e+300 -1e+300 -1e+300) (-0.00209539 0.00149339 2.61823e-21) (-0.00101954 0.000532972 1.82077e-20) (0.00080175 -0.00166728 -2.60475e-21) (-1e+300 -1e+300 -1e+300) (0.00350659 -0.00700501 2.7658e-21) (0.00402799 -0.00951316 -2.30257e-20) (-1e+300 -1e+300 -1e+300) (0.00380327 -0.0156201 3.35308e-21) (-1e+300 -1e+300 -1e+300) (0.00174596 -0.0211415 7.83896e-21) (0.000338245 -0.0222374 6.63783e-23)
24.5          (0.00167486 0.0033424 7.2691e-23) (0.00273427 0.0125711 8.86335e-21) (-1e+300 -1e+300 -1e+300) (0.0100055 0.0314594 1.73293e-21) (-1e+300 -1e+300 -1e+300) (0.0224922 0.045106 -1.52314e-20) (0.0289505 0.048831 1.27633e-21) (-1e+300 -1e+300 -1e+300) (0.0432821 0.0511993 5.07515e-22) (0.0499227 0.0489367 -1.23991e-20) (0.0539528 0.0454751 -2.17425e-21) (-1e+300 -1e+300 -1e+300) (0.057315 0.0336142 3.4735e-21) (0.0558871 0.0273293 3.18409e-20) (-1e+300 -1e+300 -1e+300) (0.0462551 0.0135387 4.70514e-21) (-1e+300 -1e+300 -1e+300) (0.0304309 0.00349143 -9.87125e-21) (0.0209708 0.00041228 1.50132e-22) (0.0139651 -0.000771423 9.30871e-21) (-1e+300 -1e+300 -1e+300) (0.00207419 -0.000415579 -2.12849e-21) (-1e+300 -1e+300 -1e+300) (-0.0036257 0.00165638 -3.00342e-20) (-0.0045816 0.00252201 -3.59735e-21) (-1e+300 -1e+300 -1e+300) (-0.00431347 0.0033096 3.36451e-21) (-0.00331424 0.00280009 2.32196e-20) (-0.00182155 0.00166579 -3.30004e-21) (-1e+300 -1e+300 -1e+300) (-0.000559724 0.000864052 3.39481e-21) (-0.000740515 0.00171376 -2.76148e-20) (-1e+300 -1e+300 -1e+300) (-0.00138925 0.00607796 3.56991e-21) (-1e+300 -1e+300 -1e+300) (-0.00074388 0.010704 7.25496e-21) (-4.96651e-05 0.0114016 5.68502e-23)
25            (0.00169354 0.00519415 7.26992e-23) (0.00290687 0.0144353 8.7262e-21) (-1e+300 -1e+300 -1e+300) (0.0105633 0.0334233 1.63655e-21) (-1e+300 -1e+300 -1e+300) (0.023555 0.0472552 -1.25548e-20) (0.030299 0.0510823 8.92069e-22) (-1e+300 -1e+300 -1e+300) (0.0454645 0.0536926 1.05196e-21) (0.0527081 0.0515477 -1.76251e-20) (0.0572954 0.0481526 -2.90277e-21) (-1e+300 -1e+300 -1e+300) (0.0621184 0.0362661 4.41308e-21) (0.0613972 0.0298401 4.02302e-20) (-1e+300 -1e+300 -1e+300) (0.0532268 0.0153845 6.04334e-21) (-1e+300 -1e+300 -1e+300) (0.0381541 0.00420255 -1.31296e-20) (0.0285691 0.0004003 2.06221e-22) (0.0211476 -0.00132286 1.31371e-20) (-1e+300 -1e+300 -1e+300) (0.00753014 -0.00178487 -3.16813e-21) (-1e+300 -1e+300 -1e+300) (-0.000185951 0.000118148 -4.77585e-20) (-0.00186499 0.00101753 -5.77936e-21) (-1e+300 -1e+300 -1e+300) (-0.00283005 0.00212023 5.50052e-21) (-0.00254539 0.00221458 3.80821e-20) (-0.00226145 0.00252997 -5.38723e-21) (-1e+300 -1e+300 -1e+300) (-0.00293965 0.00557866 5.32961e-21) (-0.0034906 0.00827845 -4.24456e-20) (-1e+300 -1e+300 -1e+300) (-0.00372334 0.0160345 5.06615e-21) (-1e+300 -1e+300 -1e+300) (-0.00153684 0.0212821 9.22548e-21) (-0.000113438 0.0214636 6.72007e-23)
25.5          (0.00162776 -0.00150421 7.32249e-23) (0.00231037 0.00774752 9.10298e-21) (-1e+300 -1e+300 -1e+300) (0.00875939 0.0268407 1.82828e-21) (-1e+300 -1e+300 -1e+300) (0.0205181 0.0408999 -1.71916e-20) (0.0267042 0.0448746 1.52474e-21) (-1e+300 -1e+300 -1e+300) (0.0406032 0.0479482 2.36312e-22) (0.0471533 0.0461564 -1.02812e-20) (0.0512081 0.0431029 -1.92053e-21) (-1e+300 -1e+300 -1e+300) (0.055014 0.0322074 3.28449e-21) (0.0539856 0.0263317 3.05584e-20) (-1e+300 -1e+300 -1e+300) (0.0457196 0.013286 4.68978e-21) (-1e+300 -1e+300 -1e+300) (0.0317223 0.00352154 -1.02119e-20) (0.0232915 0.000330936 1.60132e-22) (0.0170119 -0.00107605 1.02029e-20) (-1e+300 -1e+300 -1e+300) (0.00617458 -0.00151227 -2.46948e-21) (-1e+300 -1e+300 -1e+300) (0.000625844 -0.000306718 -3.78131e-20) (-0.000535218 0.000278335 -4.64072e-21) (-1e+300 -1e+300 -1e+300) (-0.00194826 0.00175893 4.49407e-21) (-0.00236829 0.00253207 3.10454e-20) (-0.00254754 0.00323122 -4.32152e-21) (-1e+300 -1e+300 -1e+300) (-0.00126613 0.00178222 4.09797e-21) (-0.000220161 -0.000421938 -3.19481e-20) (-1e+300 -1e+300 -1e+300) (0.00156643 -0.00755559 3.74071e-21) (-1e+300 -1e+300 -1e+300) (0.0010567 -0.0130518 7.38284e-21) (0.000237264 -0.013593 5.80761e-23)
26            (0.0016165 -0.00253888 7.31851e-23) (0.00220988 0.00669792 9.25644e-21) (-1e+300 -1e+300 -1e+300) (0.00841987 0.0256749 1.91855e-21) (-1e+300 -1e+300 -1e+300) (0.0198212 0.0395174 -1.96264e-20) (0.0257881 0.0433705 1.87523e-21) (-1e+300 -1e+300 -1e+300) (0.0390036 0.0461429 -2.59294e-22) (0.0450348 0.0441902 -5.50533e-21) (0.0486001 0.0410293 -1.25265e-21) (-1e+300 -1e+300 -1e+300) (0.0510957 0.0300543 2.41477e-21) (0.0494272 0.0242599 2.27912e-20) (-1e+300 -1e+300 -1e+300) (0.0398366 0.0117253 3.44467e-21) (-1e+300 -1e+300 -1e+300) (0.0251653 0.00291309 -7.1863e-21) (0.0168365 0.000337562 1.08169e-22) (0.0109014 -0.00060968 6.66598e-21) (-1e+300 -1e+300 -1e+300) (0.0014485 -0.000321057 -1.51283e-21) (-1e+300 -1e+300 -1e+300) (-0.00254779 0.00113253 -2.16516e-20) (-0.00309461 0.0016798 -2.61702e-21) (-1e+300 -1e+300 -1e+300) (-0.00240641 0.00171907 2.49715e-21) (-0.00126532 0.00075539 1.73807e-20) (0.000521439 -0.00128471 -2.50211e-21) (-1e+300 -1e+300 -1e+300) (0.00281406 -0.00560408 2.67624e-21) (0.00315909 -0.00746277 -2.23147e-20) (-1e+300 -1e+300 -1e+300) (0.00292802 -0.0123656 3.23865e-21) (-1e+300 -1e+300 -1e+300) (0.00133538 -0.0181079 7.58182e-21) (0.000135703 -0.0199166 6.46011e-23)
26.5          (0.00168414 0.00428106 7.1796e-23) (0.00281883 0.0135093 8.71351e-21) (-1e+300 -1e+300 -1e+300) (0.010265 0.0323969 1.68278e-21) (-1e+300 -1e+300 -1e+300) (0.0229435 0.0460407 -1.42358e-20) (0.0294955 0.0497622 1.14544e-21) (-1e+300 -1e+300 -1e+300) (0.0440625 0.0521105 6.63423e-22) (0.0508497 0.049825 -1.37767e-20) (0.055004 0.0463364 -2.35784e-21) (-1e+300 -1e+300 -1e+300) (0.0586513 0.0343664 3.68881e-21) (0.0573403 0.0280059 3.3706e-20) (-1e+300 -1e+300 -1e+300) (0.047887 0.0139841 4.98266e-21) (-1e+300 -1e+300 -1e+300) (0.0320194 0.00364936 -1.05114e-20) (0.0224064 0.000420483 1.60785e-22) (0.0152173 -0.000857937 1.00156e-20) (-1e+300 -1e+300 -1e+300) (0.00280821 -0.000591146 -2.31063e-21) (-1e+300 -1e+300 -1e+300) (-0.00335521 0.00154187 -3.28828e-20) (-0.00445284 0.0024552 -3.94224e-21) (-1e+300 -1e+300 -1e+300) (-0.00438255 0.00337137 3.691e-21) (-0.00345261 0.00294255 2.54659e-20) (-0.00203708 0.00192884 -3.61227e-21) (-1e+300 -1e+300 -1e+300) (-0.000857535 0.00139407 3.69246e-21) (-0.00106216 0.00243524 -2.99594e-20) (-1e+300 -1e+300 -1e+300) (-0.00173943 0.00765438 3.83477e-21) (-1e+300 -1e+300 -1e+300) (-0.000875158 0.0138441 7.6534e-21) (7.28927e-05 0.015355 5.89782e-23)
27            (0.00168665 0.00448283 7.34778e-23) (0.0028444 0.0137279 8.83556e-21) (-1e+300 -1e+300 -1e+300) (0.0103788 0.032743 1.66491e-21) (-1e+300 -1e+300 -1e+300) (0.0232585 0.0466271 -1.29818e-20) (0.029958 0.0504856 9.41705e-22) (-1e+300 -1e+300 -1e+300) (0.045042 0.0531849 1.0096e-21) (0.0522564 0.0511 -1.73378e-20) (0.0568314 0.0477578 -2.87146e-21) (-1e+300 -1e+300 -1e+300) (0.0616697 0.0360007 4.39618e-21) (0.0609804 0.0296333 4.01397e-20) (-1e+300 -1e+300 -1e+300) (0.0529476 0.0152959 6.05233e-21) (-1e+300 -1e+300 -1e+300) (0.038098 0.00418468 -1.31933e-20) (0.0286587 0.000388459 2.07761e-22) (0.0213527 -0.00134959 1.32662e-20) (-1e+300 -1e+300 -1e+300) (0.00794756 -0.00190086 -3.21519e-21) (-1e+300 -1e+300 -1e+300) (0.000337435 -0.000129769 -4.88017e-20) (-0.00132346 0.000704438 -5.92904e-21) (-1e+300 -1e+300 -1e+300) (-0.00237588 0.00176882 5.66982e-21) (-0.00226536 0.00201543 3.92992e-20) (-0.00230004 0.00271328 -5.55797e-21) (-1e+300 -1e+300 -1e+300) (-0.00340438 0.00659406 5.45811e-21) (-0.00396168 0.00946819 -4.32171e-20) (-1e+300 -1e+300 -1e+300) (-0.00388694 0.0164397 5.05571e-21) (-1e+300 -1e+300 -1e+300) (-0.00156444 0.0193639 9.02312e-21) (-0.000279178 0.0185072 6.5234e-23)
27.5          (0.00161917 -0.00235548 7.22849e-23) (0.00223338 0.00689442 9.06756e-21) (-1e+300 -1e+300 -1e+300) (0.0085212 0.025981 1.84237e-21) (-1e+300 -1e+300 -1e+300) (0.0200995 0.0400338 -1.78421e-20) (0.0261964 0.0440076 1.62408e-21) (-1e+300 -1e+300 -1e+300) (0.0398682 0.0470903 8.19947e-23) (0.0462751 0.0453152 -8.7767e-21) (0.0502086 0.0422847 -1.7106e-21) (-1e+300 -1e+300 -1e+300) (0.0537357 0.031487 3.02e-21) (0.0525925 0.0256822 2.82289e-20) (-1e+300 -1e+300 -1e+300) (0.0441511 0.0128575 4.33876e-21) (-1e+300 -1e+300 -1e+300) (0.0301909 0.00337025 -9.40802e-21) (0.0219004 0.000324607 1.46882e-22) (0.0157882 -0.00098952 9.32795e-21) (-1e+300 -1e+300 -1e+300) (0.00541903 -0.00132749 -2.24474e-21) (-1e+300 -1e+300 -1e+300) (0.000270436 -0.000141532 -3.42626e-20) (-0.000790087 0.000436079 -4.19632e-21) (-1e+300 -1e+300 -1e+300) (-0.00200532 0.00178796 4.05678e-21) (-0.00217772 0.00224441 2.79967e-20) (-0.0018399 0.00213081 -3.89511e-21) (-1e+300 -1e+300 -1e+300) (0.00040687 -0.00156705 3.72619e-21) (0.00160943 -0.00465323 -2.90652e-20) (-1e+300 -1e+300 -1e+300) (0.00295888 -0.0125649 3.60284e-21) (-1e+300 -1e+300 -1e+300) (0.00156439 -0.0172874 7.50393e-21) (0.000412379 -0.0172131 6.01897e-23)
28            (0.00162463 -0.00171847 7.44209e-23) (0.00228229 0.00751645 9.34687e-21) (-1e+300 -1e+300 -1e+300) (0.00863618 0.0264709 1.92474e-21) (-1e+300 -1e+300 -1e+300) (0.0201749 0.0402647 -1.94219e-20) (0.0261987 0.0440872 1.83771e-21) (-1e+300 -1e+300 -1e+300) (0.0395265 0.0467693 -1.86858e-22) (0.045605 0.0447531 -6.22889e-21) (0.0491976 0.0415347 -1.35329e-21) (-1e+300 -1e+300 -1e+300) (0.0517047 0.0304124 2.53354e-21) (0.0500119 0.0245477 2.38033e-20) (-1e+300 -1e+300 -1e+300) (0.0402824 0.0118619 3.57417e-21) (-1e+300 -1e+300 -1e+300) (0.0253567 0.00294529 -7.42554e-21) (0.0168562 0.00035005 1.11407e-22) (0.0107849 -0.000589494 6.84299e-21) (-1e+300 -1e+300 -1e+300) (0.00108578 -0.000220542 -1.54119e-21) (-1e+300 -1e+300 -1e+300) (-0.00301803 0.00134812 -2.17832e-20) (-0.00356645 0.00193931 -2.62336e-21) (-1e+300 -1e+300 -1e+300) (-0.0028144 0.0020462 2.4893e-21) (-0.00165946 0.00114509 1.73119e-20) (5.82374e-05 -0.000673291 -2.50033e-21) (-1e+300 -1e+300 -1e+300) (0.00197805 -0.00395636 2.66601e-21) (0.00216608 -0.00512395 -2.21772e-20) (-1e+300 -1e+300 -1e+300) (0.00191335 -0.00837595 3.17207e-21) (-1e+300 -1e+300 -1e+300) (0.000834162 -0.013577 7.34891e-21) (-8.20779e-05 -0.015882 6.26232e-23)
28.5          (0.00169162 0.0050349 7.15428e-23) (0.00288709 0.0142634 8.6458e-21) (-1e+300 -1e+300 -1e+300) (0.0104761 0.0331566 1.65098e-21) (-1e+300 -1e+300 -1e+300) (0.0233165 0.0468101 -1.34728e-20) (0.0299501 0.0505356 1.04011e-21) (-1e+300 -1e+300 -1e+300) (0.0447297 0.052886 8.02448e-22) (0.0516551 0.0505925 -1.50621e-20) (0.0559296 0.0470886 -2.53325e-21) (-1e+300 -1e+300 -1e+300) (0.059863 0.0350449 3.90355e-21) (0.0586773 0.0286246 3.55913e-20) (-1e+300 -1e+300 -1e+300) (0.0494421 0.0144045 5.26968e-21) (-1e+300 -1e+300 -1e+300) (0.0335976 0.00380248 -1.11832e-20) (0.0238748 0.000425295 1.72047e-22) (0.0165351 -0.000952492 1.0768e-20) (-1e+300 -1e+300 -1e+300) (0.00366005 -0.000798678 -2.50703e-21) (-1e+300 -1e+300 -1e+300) (-0.00295611 0.00136877 -3.6022e-20) (-0.00420088 0.00231996 -4.32355e-21) (-1e+300 -1e+300 -1e+300) (-0.00434617 0.00334567 4.05459e-21) (-0.00350043 0.0030004 2.79755e-20) (-0.00219606 0.00213486 -3.96288e-21) (-1e+300 -1e+300 -1e+300) (-0.00116137 0.00194339 4.02793e-21) (-0.00139652 0.00318614 -3.26053e-20) (-1e+300 -1e+300 -1e+300) (-0.00207147 0.00911284 4.13798e-21) (-1e+300 -1e+300 -1e+300) (-0.000992623 0.0163481 8.14341e-21) (0.000155548 0.0183648 6.20018e-23)
29            (0.00167777 0.00356741 7.40819e-23) (0.00276351 0.012816 8.93466e-21) (-1e+300 -1e+300 -1e+300) (0.0101373 0.0318566 1.69657e-21) (-1e+300 -1e+300 -1e+300) (0.0228614 0.0457909 -1.35684e-20) (0.0294946 0.0496802 1.01572e-21) (-1e+300 -1e+300 -1e+300) (0.0444413 0.0524694 9.29132e-22) (0.0515905 0.0504477 -1.66784e-20) (0.0561219 0.0471632 -2.78816e-21) (-1e+300 -1e+300 -1e+300) (0.0609029 0.0355568 4.31362e-21) (0.0602134 0.0292643 3.94684e-20) (-1e+300 -1e+300 -1e+300) (0.0522612 0.0150977 5.97292e-21) (-1e+300 -1e+300 -1e+300) (0.0376237 0.00412717 -1.30512e-20) (0.0283535 0.000376372 2.05866e-22) (0.0211976 -0.00134942 1.31661e-20) (-1e+300 -1e+300 -1e+300) (0.00811844 -0.00195589 -3.20216e-21) (-1e+300 -1e+300 -1e+300) (0.000734589 -0.000323461 -4.8827e-20) (-0.000868708 0.000438594 -5.95902e-21) (-1e+300 -1e+300 -1e+300) (-0.00200398 0.00150525 5.72541e-21) (-0.00208944 0.00194264 3.97148e-20) (-0.00244156 0.00303819 -5.61176e-21) (-1e+300 -1e+300 -1e+300) (-0.00382555 0.00749843 5.46218e-21) (-0.00429257 0.0102575 -4.29586e-20) (-1e+300 -1e+300 -1e+300) (-0.00378993 0.015521 4.92458e-21) (-1e+300 -1e+300 -1e+300) (-0.00146284 0.015602 8.65411e-21) (-0.000407905 0.0138193 6.24724e-23)
29.5          (0.00161262 -0.00299942 7.20532e-23) (0.00217471 0.00624821 9.10286e-21) (-1e+300 -1e+300 -1e+300) (0.00833776 0.0253227 1.86727e-21) (-1e+300 -1e+300 -1e+300) (0.0197707 0.0393572 -1.85301e-20) (0.0257929 0.0433225 1.72227e-21) (-1e+300 -1e+300 -1e+300) (0.0392667 0.0463922 -5.47223e-23) (0.0455434 0.0446183 -7.48533e-21) (0.0493631 0.0415973 -1.53262e-21) (-1e+300 -1e+300 -1e+300) (0.052619 0.0308611 2.7984e-21) (0.0513587 0.02511 2.62811e-20) (-1e+300 -1e+300 -1e+300) (0.0427198 0.0124687 4.04235e-21) (-1e+300 -1e+300 -1e+300) (0.0287509 0.00322978 -8.71994e-21) (0.0205671 0.000320174 1.35414e-22) (0.0145934 -0.000903466 8.56446e-21) (-1e+300 -1e+300 -1e+300) (0.00463097 -0.00113271 -2.04585e-21) (-1e+300 -1e+300 -1e+300) (-0.00015433 5.4722e-05 -3.10485e-20) (-0.00110633 0.000619834 -3.79468e-21) (-1e+300 -1e+300 -1e+300) (-0.00198492 0.00170576 3.66119e-21) (-0.00182883 0.00174914 2.52614e-20) (-0.000947174 0.000794524 -3.52793e-21) (-1e+300 -1e+300 -1e+300) (0.00199048 -0.00458795 3.41457e-21) (0.00317907 -0.00811214 -2.70992e-20) (-1e+300 -1e+300 -1e+300) (0.00396965 -0.0161059 3.55772e-21) (-1e+300 -1e+300 -1e+300) (0.00190919 -0.0202857 7.72732e-21) (0.000522578 -0.0199032 6.28971e-23)
30            (0.00163451 -0.000720863 7.52304e-23) (0.00237083 0.00851241 9.3765e-21) (-1e+300 -1e+300 -1e+300) (0.00890242 0.0274461 1.91371e-21) (-1e+300 -1e+300 -1e+300) (0.0206172 0.0411944 -1.89186e-20) (0.0267178 0.0449879 1.76236e-21) (-1e+300 -1e+300 -1e+300) (0.0402098 0.0475818 -7.33388e-23) (0.0463699 0.0455013 -7.30168e-21) (0.0500194 0.0422226 -1.49964e-21) (-1e+300 -1e+300 -1e+300) (0.0526092 0.0309359 2.70477e-21) (0.0509227 0.0249868 2.52674e-20) (-1e+300 -1e+300 -1e+300) (0.0411051 0.0121011 3.77162e-21) (-1e+300 -1e+300 -1e+300) (0.0259238 0.0030146 -7.82375e-21) (0.0172205 0.00036423 1.17318e-22) (0.0109738 -0.000590709 7.19835e-21) (-1e+300 -1e+300 -1e+300) (0.000916921 -0.000166964 -1.61593e-21) (-1e+300 -1e+300 -1e+300) (-0.00339688 0.00152506 -2.26441e-20) (-0.00398399 0.00217324 -2.71869e-21) (-1e+300 -1e+300 -1e+300) (-0.00325105 0.00240903 2.56448e-21) (-0.00210906 0.0015963 1.77993e-20) (-0.000456742 -1.0226e-05 -2.56766e-21) (-1e+300 -1e+300 -1e+300) (0.00117931 -0.002402 2.71657e-21) (0.0012339 -0.00291876 -2.24974e-20) (-1e+300 -1e+300 -1e+300) (0.000914081 -0.00422703 3.14977e-21) (-1e+300 -1e+300 -1e+300) (0.000327748 -0.00796186 7.137e-21) (-0.000250414 -0.0103278 6.02786e-23)
